   413652.20442659943     
   412252.85101004824     
   410828.96064409299     
   409378.68662930804     
   407899.96872921602     
   406390.49872461671     
   404847.67862550053     
   403268.56953851093     
   401649.82851572847     
   399987.62976772169     
   398277.56528239383     
   396514.51795066829     
   394692.49744142004     
   392804.42477136938     
   390841.84490921791     
   388794.53633737832     
   386649.96959718643     
   384392.53853300627     
   382002.43873381574     
   379453.97837891110     
   376712.93640749657     
   373732.23838324321     
   370444.47169059212     
   366747.98498838500     
   362478.60394647904     
   357344.52556239063     
   350747.58128501102     
