   1.0000000000000000E-002   1.9092307761960977E-003   51.242736948399646        231.82846232961350     
   2.0000000000000000E-002   3.8499250423381561E-003   51.594706769067329        231.68937597717326     
   2.9999999999999999E-002   5.8228670221172818E-003   51.951644313496537        231.54855200579109     
   4.0000000000000001E-002   7.8288672198125932E-003   52.313656831147675        231.40595805563663     
   5.0000000000000003E-002   9.8687635304728020E-003   52.680855314829884        231.26156097657042     
   5.9999999999999998E-002   1.1943422406854717E-002   53.053354174652561        231.11532680486692     
   7.0000000000000007E-002   1.4053740086533054E-002   53.431271301596873        230.96722073917553     
   8.0000000000000002E-002   1.6200643882832624E-002   53.814728185078074        230.81720711569619     
   8.9999999999999997E-002   1.8385093543489488E-002   54.203850047507906        230.66524938254472     
  0.10000000000000001        2.0608082681223223E-002   54.598765988749733        230.51131007328411     
  0.11000000000000000        2.2870640280700304E-002   54.999609138810996        230.35535077959591     
  0.12000000000000000        2.5173832286690463E-002   55.406516818502254        230.19733212306778     
  0.13000000000000000        2.7518763278565818E-002   55.819630708234705        230.03721372607174     
  0.14000000000000001        2.9906578236669489E-002   56.239097025308411        229.87495418170860     
  0.14999999999999999        3.2338464406488229E-002   56.665066710133594        229.71051102279398     
  0.16000000000000000        3.4815653267006051E-002   57.097695621888249        229.54384068986221     
  0.17000000000000001        3.7339422610095117E-002   57.537144744163641        229.37489849816458     
  0.17999999999999999        3.9911098738321202E-002   57.983580401196065        229.20363860363960     
  0.19000000000000000        4.2532058789106188E-002   58.437174485328470        229.03001396783444     
  0.20000000000000001        4.5203733193804892E-002   58.898104696394235        228.85397632175770     
  0.20999999999999999        4.7927608280922407E-002   59.366554793766248        228.67547612864635     
  0.22000000000000000        5.0705229033426315E-002   59.842714861869901        228.49446254563102     
  0.23000000000000001        5.3538202010901266E-002   60.326781590017035        228.31088338428825     
  0.23999999999999999        5.6428198448159418E-002   60.818958567482746        228.12468507007031     
  0.25000000000000000        5.9376957542864012E-002   61.319456594815918        227.93581260060847     
  0.26000000000000001        6.2386289945755811E-002   61.828494012449895        227.74420950289061     
  0.27000000000000002        6.5458081468199841E-002   62.346297047761411        227.54981778931864     
  0.28000000000000003        6.8594297023005110E-002   62.873100181815460        227.35257791266079     
  0.28999999999999998        7.1796984815821599E-002   63.409146537129821        227.15242871991939     
  0.29999999999999999        7.5068280805902915E-002   63.954688287899970        226.94930740514664     
  0.31000000000000000        7.8410413456648453E-002   64.509987094238781        226.74314946125025     
  0.32000000000000001        8.1825708798128699E-002   65.075314562112752        226.53388863084635     
  0.33000000000000002        8.5316595825761274E-002   65.650952730793350        226.32145685622979     
  0.34000000000000002        8.8885612261469446E-002   66.237194589792054        226.10578422855275     
  0.34999999999999998        9.2535410706039420E-002   66.834344627413728        225.88679893632084     
  0.35999999999999999        9.6268765214021404E-002   67.442719413242244        225.66442721334207     
  0.37000000000000000       0.10008857832542381        68.062648217071143        225.43859328629102     
  0.38000000000000000       0.10399788859165915        68.694473667009675        225.20921932208390     
  0.39000000000000001       0.10799987863675327        69.338552449733555        224.97622537529725     
  0.40000000000000002       0.11209788379876394        69.995256056113547        224.73952933590837     
  0.40999999999999998       0.11629540140072218        70.664971575745042        224.49904687768472     
  0.41999999999999998       0.12059610070525720        71.348102544221874        224.25469140761015     
  0.42999999999999999       0.12500383361245793        72.045069847351499        224.00637401680405     
  0.44000000000000000       0.12952264616652823        72.756312686899975        223.75400343346823     
  0.45000000000000001       0.13415679094348354        73.482289612887485        223.49748597849120     
  0.46000000000000002       0.13891074039961060        74.223479627935887        223.23672552444404     
  0.46999999999999997       0.14378920126876149        74.980383369702324        222.97162345883029     
  0.47999999999999998       0.14879713010590345        75.753524378024849        222.70207865259556     
  0.48999999999999999       0.15393975008482752        76.543450454066246        222.42798743507430     
  0.50000000000000000       0.15922256916968397        77.350735119474933        222.14924357674764     
  0.51000000000000001       0.16465139979324392        78.175979184403772        221.86573828141934     
  0.52000000000000002       0.17023238018968495        79.019812434142935        221.57736018968544     
  0.53000000000000003       0.17597199754650208        79.882895445148677        221.28399539589188     
  0.54000000000000004       0.18187711315913124        80.765921542400875        220.98552748114412     
  0.55000000000000004       0.18795498979335598        81.669618911313123        220.68183756537022     
  0.56000000000000005       0.19421332148492310        82.594752878872100        220.37280438195089     
  0.56999999999999995       0.20066026603344955        83.542128380319255        220.05830437903424     
  0.57999999999999996       0.20730448047917105        84.512592629535817        219.73821185236659     
  0.58999999999999997       0.21415515988694542        85.507038013379500        219.41239911531366     
  0.59999999999999998       0.22122207980288761        86.526405232587379        219.08073671274528     
  0.60999999999999999       0.22851564279588282        87.571686714543375        218.74309368664387     
  0.62000000000000000       0.23604692954997158        88.643930326261312        218.39933790270734     
  0.63000000000000000       0.24382775503536008        89.744243419410779        218.04933644890144     
  0.64000000000000001       0.25187073035693469        90.873797243183901        217.69295611893028     
  0.65000000000000002       0.26018933096124913        92.033831765341404        217.33006399600498     
  0.66000000000000003       0.26879797197792654        93.225660946985087        216.96052815519343     
  0.67000000000000004       0.27771209158155635        94.450678522586742        216.58421850612808     
  0.68000000000000005       0.28694824338820579        95.710364343697748        216.20100780207781     
  0.68999999999999995       0.29652419904991062        97.006291352723110        215.81077284651411     
  0.69999999999999996       0.30645906238491721        98.340133262357881        215.41339593454120     
  0.70999999999999996       0.31677339658584014        99.713673026977716        215.00876657417322     
  0.71999999999999997       0.32748936628810432        101.12881220472227        214.59678354177456     
  0.72999999999999998       0.33863089656417078        102.58758132353226        214.17735733745590     
  0.73999999999999999       0.35022385124379818        104.09215138140232        213.75041312039482     
  0.75000000000000000       0.36229623335764477        105.64484663106619        213.31589422162497     
  0.76000000000000001       0.37487841097401475        107.24815882283156        212.87376635373624     
  0.77000000000000002       0.38800337226277820        108.90476310704645        212.42402266432748     
  0.78000000000000003       0.40170701429666605        110.61753583059138        211.96668981451162     
  0.79000000000000004       0.41602847091349154        112.38957450094664        211.50183530733639     
  0.80000000000000004       0.43101048594501717        114.22422023813377        211.02957634634751     
  0.81000000000000005       0.44669983930902207        116.12508309086512        210.55009057530907     
  0.81999999999999995       0.46314783491107425        118.09607066066488        210.06362914114308     
  0.82999999999999996       0.48041086107578451        120.14142055921030        209.57053264003042     
  0.83999999999999997       0.49855103640603565        122.26573732303819        209.07125066028874     
  0.84999999999999998       0.51763695665856291        124.47403453034667        208.56636583745043     
  0.85999999999999999       0.53774456156208172        126.77178301235017        208.05662360406754     
  0.87000000000000000       0.55895814466815930        129.16496623354857        207.54296917324984     
  0.88000000000000000       0.58137153454879942        131.66014414043593        207.02659377497145     
  0.89000000000000001       0.60508948224670189        134.26452705844360        206.50899281677547     
  0.90000000000000002       0.63022929825447693        136.98606156783018        205.99203953686191     
  0.91000000000000003       0.65692279299724854        139.83353073131912        205.47807896236714     
  0.92000000000000004       0.68531858856134198        142.81667160688724        204.97004873515621     
  0.93000000000000005       0.71558488726128200        145.94631369492407        204.47163585819374     
  0.93999999999999995       0.74791280595813803        149.23454288970359        203.98748201164938     
  0.94999999999999996       0.78252041576345011        152.69489669864555        203.52345535979319     
  0.95999999999999996       0.81965766758920011        156.34259805288050        203.08701462866622     
  0.96999999999999997       0.85961243876881444        160.19483708979024        202.68770316715845     
  0.97999999999999998       0.90271801017276809        164.27111302657198        202.33782919321970     
  0.98999999999999999       0.94936238485234503        168.59365192602613        202.05341772683096     
   1.0000000000000000        1.0000000000000000        173.18792116092180        201.85556732414420     
