   216.44189057270421        8.4895681621664125E-004  -427183.31063800002       -1.4973086802141098E-007
   216.84946516436926        8.5003167933485931E-004  -426385.76210255222        3.6385617386442980E-007
   217.25682003404529        8.5111118825597276E-004  -425588.21356710442       -9.6373407755757477E-008
   217.66395034589436        8.5219538139929705E-004  -424790.66503165656        3.2143722705220591E-008
   218.07085122774092        8.5328429765917958E-004  -423993.11649620876       -7.5046335849296199E-008
   218.47751777061217        8.5437797641311727E-004  -423195.56796076096       -1.6090722852043849E-007
   218.88394502826702        8.5547645753005516E-004  -422398.01942531316       -1.1806634469848343E-007
   219.29012801671570        8.5657978137885506E-004  -421600.47088986536        1.8256930857019056E-007
   219.69606171372143        8.5768798883695306E-004  -420802.92235441750        1.6655291160032625E-007
   220.10174105829728        8.5880112129920090E-004  -420005.37381896970        4.8380569514965644E-008
   220.50716095018495        8.5991922068689964E-004  -419207.82528352190        3.7111774783159803E-007
   220.91231624932180        8.6104232945703827E-004  -418410.27674807410        9.6864696917117151E-008
   221.31720177529638        8.6217049061172821E-004  -417612.72821262630       -1.1845197027282061E-007
   221.72181230678618        8.6330374770785543E-004  -416815.17967717850       -1.9392995027236974E-007
   222.12614258098461        8.6444214486694666E-004  -416017.63114173064        9.1624212656624972E-007
   222.53018729300996        8.6558572678525946E-004  -415220.08260628284        7.5492615914265452E-008
   222.93394109530044        8.6673453874409911E-004  -414422.53407083504        6.9594896381139619E-007
   223.33739859699236        8.6788862662038279E-004  -413624.98553538724       -2.6987648946277058E-007
   223.74055436328163        8.6904803689743159E-004  -412827.43699993944        6.5340715985971228E-007
   224.14340291476637        8.7021281667603516E-004  -412029.88846449158        5.7266935395118384E-007
   224.54593872677358        8.7138301368576009E-004  -411232.33992904378       -5.5130747168414630E-007
   224.94815622866366        8.7255867629653251E-004  -410434.79139359598        2.3792389712539360E-007
   225.35004980311700        8.7373985353050810E-004  -409637.24285814818        4.3277592343848966E-007
   225.75161378539752        8.7492659507421239E-004  -408839.69432270038       -7.5767834170785110E-008
   226.15284246259748        8.7611895129099352E-004  -408042.14578725252        9.7456110129614369E-008
   226.55373007285326        8.7731697323377694E-004  -407244.59725180472       -2.0582393351193350E-007
   226.95427080454377        8.7852071265813675E-004  -406447.04871635692       -3.1427652311152419E-007
   227.35445879545713        8.7973022203570840E-004  -405649.50018090912        3.9028696992366142E-007
   227.75428813193363        8.8094555456793482E-004  -404851.95164546132       -3.2536163094165040E-008
   228.15375284798043        8.8216676420017610E-004  -404054.40311001346        3.3090577910788826E-007
   228.55284692435470        8.8339390563619603E-004  -403256.85457456566        1.0853250427316766E-008
   228.95156428761680        8.8462703435302837E-004  -402459.30603911786       -9.7713260414698265E-008
   229.34989880915037        8.8586620661625537E-004  -401661.75750367006       -9.7746342295903552E-008
   229.74784430414746        8.8711147949570865E-004  -400864.20896822226       -4.1284252923348955E-007
   230.14539453055752        8.8836291088161294E-004  -400066.66043277446       -2.0648716354607880E-007
   230.54254318799894        8.8962055950119660E-004  -399269.11189732660        2.3916440120901926E-007
   230.93928391663019        8.9088448493578271E-004  -398471.56336187880        2.4467326918705297E-007
   231.33561029598025        8.9215474763840034E-004  -397674.01482643100       -5.3299847560826261E-007
   231.73151584373588        8.9343140895192579E-004  -396876.46629098320       -1.4144735347931439E-007
   232.12699401448225        8.9471453112779378E-004  -396078.91775553540        1.3060204886553128E-007
   232.52203819840057        8.9600417734530288E-004  -395281.36922008754        7.1849807636739651E-007
   232.91664171991300        8.9730041173154834E-004  -394483.82068463974       -2.0689206819447705E-007
   233.31079783628422        8.9860329938200811E-004  -393686.27214919194        3.9754590280058766E-007
   233.70449973616385        8.9991290638184577E-004  -392888.72361374414       -7.6259195861683071E-008
   234.09774053808536        9.0122929982792640E-004  -392091.17507829634        1.4710359126100869E-007
   234.49051328890340        9.0255254785162674E-004  -391293.62654284853        1.7983089777741871E-007
   234.88281096218475        9.0388271964245918E-004  -390496.07800740068       -1.9621818065552119E-007
   235.27462645653779        9.0521988547255668E-004  -389698.52947195288        3.1073734753415592E-007
   235.66595259389024        9.0656411672208176E-004  -388900.98093650508        1.4721757990731509E-007
   236.05678211771021        9.0791548590558348E-004  -388103.43240105727        1.6905590482885069E-007
   236.44710769117177        9.0927406669938675E-004  -387305.88386560942       -5.4542720111235527E-008
   236.83692189526349        9.1063993397003020E-004  -386508.33533016162        2.4547813904701316E-007
   237.22621722684434        9.1201316380384628E-004  -385710.78679471381       -4.3646473079152246E-008
   237.61498609664292        9.1339383353770856E-004  -384913.23825926601        1.9643363118368929E-007
   238.00322082720473        9.1478202179103246E-004  -384115.68972381821       -3.3834089574113881E-007
   238.39091365078639        9.1617780849906078E-004  -383318.14118837041        6.4946310295325106E-007
   238.77805670719755        9.1758127494752525E-004  -382520.59265292255        4.3119583187364266E-007
   239.16464204159610        9.1899250380872086E-004  -381723.04411747475       -1.0917233339962396E-007
   239.55066160223177        9.2041157917907297E-004  -380925.49558202695       -9.8261954410131462E-008
   239.93610723814712        9.2183858661824770E-004  -380127.94704657915       -2.5112858464900077E-007
   240.32097069682894        9.2327361318988012E-004  -379330.39851113135       -1.2011065031479319E-007
   240.70524362182189        9.2471674750397269E-004  -378532.84997568349       -4.9137938144119789E-007
   241.08891755029623        9.2616807976102970E-004  -377735.30144023569        2.8937492742037328E-007
   241.47198391057651        9.2762770179799991E-004  -376937.75290478789       -9.8279545102737759E-008
   241.85443401963303        9.2909570713606629E-004  -376140.20436934009       -2.7299908825102779E-007
   242.23625908053239        9.3057219103036997E-004  -375342.65583389229        2.8937602208020929E-007
   242.61745017985038        9.3205725052170833E-004  -374545.10729844449       -6.5517645643051956E-008
   242.99799828504962        9.3355098449027078E-004  -373747.55876299663        3.2211745433815192E-007
   243.37789424181409        9.3505349371148145E-004  -372950.01022754883       -3.7123693332331446E-007
   243.75712877134927        9.3656488091398713E-004  -372152.46169210103        3.1662488302565400E-007
   244.13569246763413        9.3808525083986924E-004  -371354.91315665323        8.7338663993937002E-008
   244.51357579463550        9.3961471030711561E-004  -370557.36462120537        2.5653617750062924E-007
   244.89076908346962        9.4115336827442660E-004  -369759.81608575757       -4.3661594618434478E-008
   245.26726252951312        9.4270133590840233E-004  -368962.26755030977       -2.2919880213869533E-007
   245.64304618945715        9.4425872665318186E-004  -368164.71901486197       -9.8216298805868635E-008
   246.01810997829563        9.4582565630258776E-004  -367367.17047941417       -1.9640660101400649E-007
   246.39244366624348        9.4740224307483844E-004  -366569.62194396637       -1.0909894819389617E-008
   246.76603687557599        9.4898860768991738E-004  -365772.07340851851       -3.2724515816754389E-008
   247.13887907737728        9.5058487344964495E-004  -364974.52487307071        1.5814146696832109E-007
   247.51095958818937        9.5219116632055793E-004  -364176.97633762291       -2.5079894731075192E-007
   247.88226756655314        9.5380761501967287E-004  -363379.42780217511        4.9059687342831192E-008
   248.25279200942032        9.5543435110323244E-004  -362581.87926672731       -7.6299012554239073E-008
   248.62252174843326        9.5707150905854476E-004  -361784.33073127945       -2.9423032453764359E-007
   248.99144544605002        9.5871922639903257E-004  -360986.78219583165        3.4863465545782466E-007
   249.35955159150203        9.6037764376263239E-004  -360189.23366038385        1.6882752438312677E-007
   249.72682849657014        9.6204690501368144E-004  -359391.68512493605        9.2558321036901785E-008
   250.09326429115586        9.6372715734846493E-004  -358594.13658948825        1.1974797290187629E-007
   250.45884691863625        9.6541855140461772E-004  -357796.58805404045        1.4147890069887585E-007
   250.82356413097889        9.6712124137456924E-004  -356999.03951859259        3.5902851277249877E-007
   251.18740348359904        9.6883538512327759E-004  -356201.49098314479        3.2628469775677158E-008
   251.55035232993944        9.7056114431050115E-004  -355403.94244769699       -1.4134256522334817E-007
   251.91239781574865        9.7229868451789519E-004  -354606.39391224919       -2.0650521897414147E-007
   252.27352687304116        9.7404817538125198E-004  -353808.84537680133        2.3359163639160138E-007
   252.63372621371033        9.7580979072822119E-004  -353011.29684135353       -6.5163588773189371E-008
   252.99298232278167        9.7758370872190643E-004  -352213.74830590573       -2.0626982851210388E-007
   253.35128145126913        9.7937011201075595E-004  -351416.19977045793        3.3640739988768965E-007
   253.70860960862490        9.8116918788521525E-004  -350618.65123501013       -1.0847231061288942E-008
   254.06495255474707        9.8298112844164313E-004  -349821.10269956233        1.3010932176099565E-007
   254.42029579152518        9.8480613075406140E-004  -349023.55416411452        1.7339979502310942E-007
   254.77462455389798        9.8664439705434151E-004  -348226.00562866667       -7.5826523309826386E-008
   255.12792380039195        9.8849613492150491E-004  -347428.45709321887       -1.4075180050057249E-007
   255.48017820311929        9.9036155748085590E-004  -346630.90855777106       -1.0821588705333290E-008
   255.83137213719951        9.9224088361375674E-004  -345833.36002232326        4.3263760076386310E-008
   256.18148966957887        9.9413433817890332E-004  -345035.81148687541       -2.0539215906360086E-007
   256.53051454721265        9.9604215224606270E-004  -344238.26295142761       -7.5628753362512220E-008
   256.87843018458096        9.9796456334329416E-004  -343440.71441597980        3.7792720021674861E-008
   257.22521965049435        9.9990181571879555E-004  -342643.16588053200        3.3453801143312422E-007
   257.57086565415887        1.0018541606185961E-003  -341845.61734508420       -1.9412985225766440E-007
   257.91535053045527        1.0038218565814551E-003  -341048.06880963640       -1.2933896375858674E-007
   258.25865622438738        1.0058051697524263E-003  -340250.52027418854       -2.1542624254750177E-008
   258.60076427465287        1.0078043742167084E-003  -339452.97173874074        2.5834043959276951E-007
   258.94165579628458        1.0098197523555437E-003  -338655.42320329294       -2.2589412789075148E-007
   259.28131146230203        1.0118515952260937E-003  -337857.87466784514        1.6124016746393242E-008
   259.61971148431269        1.0139002029674405E-003  -337060.32613239728       -3.2224878987540420E-008
   259.95683559199239        1.0159658852350291E-003  -336262.77759694948       -2.8981006760684077E-007
   260.29266301136778        1.0180489616661561E-003  -335465.22906150168       -9.6530233836066362E-008
   260.62717244181385        1.0201497623793451E-003  -334667.68052605388        4.8227623392825819E-008
   260.96034203167756        1.0222686285107751E-003  -333870.13199060608        3.8551347953566701E-007
   261.29214935241185        1.0244059127912561E-003  -333072.58345515828       -5.3499765277898537E-008
   261.62257137111362        1.0265619801676595E-003  -332275.03491971048        1.5501924731714360E-007
   261.95158442132185        1.0287372084731464E-003  -331477.48638426262       -1.2818151934443772E-007
   262.27916417193717        1.0309319891510262E-003  -330679.93784881482        2.1344764051992495E-008
   262.60528559408823        1.0331467280377186E-003  -329882.38931336702       -1.1729020115557638E-007
   262.92992292576281        1.0353818462108819E-003  -329084.84077791922       -1.7044608809322420E-007
   263.25304963398662        1.0376377809096042E-003  -328287.29224247136       -2.1285566731543244E-007
   263.57463837431135        1.0399149865344250E-003  -327489.74370702356       -3.1897351521627142E-008
   263.89466094734030        1.0422139357359594E-003  -326692.19517157576        2.6554695389460709E-007
   264.21308825197934        1.0445351206021219E-003  -325894.64663612796       -7.4277436697655634E-008
   264.52989023506075        1.0468790539553180E-003  -325097.09810068016        1.1129999062946347E-007
   264.84503583693652        1.0492462707726272E-003  -324299.54956523236       -5.2943420300244369E-008
   265.15849293257679        1.0516373297438607E-003  -323502.00102978450        1.4807957911505968E-007
   265.47022826764447        1.0540528149846709E-003  -322704.45249433670        5.2826403298683144E-009
   265.78020738892729        1.0564933379245283E-003  -321906.90395888890        8.4425462335336769E-008
   266.08839456842202        1.0589595393925208E-003  -321109.35542344110       -1.0540814091749835E-008
   266.39475272024418        1.0614520919277159E-003  -320311.80688799324       -1.7897887654152537E-007
   266.69924330940330        1.0639717023452691E-003  -319514.25835254544       -6.3091455104366624E-008
   267.00182625131299        1.0665191145949559E-003  -318716.70981709764        1.8378549171072886E-007
   267.30245980072300        1.0690951129552130E-003  -317919.16128164984       -7.3419637933647941E-008
   267.60110042849942        1.0717005256138210E-003  -317121.61274620204       -1.8854479333488693E-007
   267.89770268440225        1.0743362286959723E-003  -316324.06421075424       -3.3473901508702800E-007
   268.19221904364781        1.0770031508123871E-003  -315526.51567530644        2.7160023118366275E-007
   268.48459973459097        1.0797022782148169E-003  -314728.96713985858        3.3902077343425444E-007
   268.77479254432603        1.0824346606645584E-003  -313931.41860441078       -2.0832645709317091E-008
   269.06274259830298        1.0852014181424311E-003  -313133.87006896298       -1.5601345642652899E-007
   269.34839210918790        1.0880037485575460E-003  -312336.32153351518        2.2847267365769127E-007
   269.63168008909759        1.0908429366487584E-003  -311538.77299806732        8.2951886726923593E-008
   269.91254201791293        1.0937203643196589E-003  -310741.22446261952        1.4493470472479702E-007
   270.19090945854077        1.0966375227085266E-003  -309943.67592717172        2.4288633471984017E-007
   270.46670960760713        1.0995960263737790E-003  -309146.12739172392       -9.2864719815392155E-008
   270.73986476689595        1.1025976300795737E-003  -308348.57885627612       -1.4420847231047244E-007
   271.01029171664095        1.1056442488049710E-003  -307551.03032082831        0.0000000000000000     
   271.27790096609050        1.1087379817870211E-003  -306753.48178538051        7.6979368128447771E-008
   271.54259584899540        1.1118811416632310E-003  -305955.93324993266       -2.2538752229117284E-007
   271.80427142090878        1.1150762901319432E-003  -305158.38471448486        1.1759182314517957E-007
   272.06281310003772        1.1183262820450212E-003  -304360.83617903705        2.0410715816571616E-008
   272.31809497174635        1.1216343205554527E-003  -303563.28764358925       -9.1663261825683944E-008
   272.56997764526886        1.1250040269725398E-003  -302765.73910814140        1.0163692778502971E-007
   272.81830550436229        1.1284395305058916E-003  -301968.19057269359       -1.0141981244027487E-007
   273.06290312245477        1.1319455853996910E-003  -301170.64203724579       -1.9227301726194189E-007
   273.30357050196801        1.1355277265704166E-003  -300373.09350179799       -2.0193199948520946E-008
   273.54007661974839        1.1391924806464617E-003  -299575.54496635019       -1.9138374250829275E-007
   273.77215046621842        1.1429476588817242E-003  -298777.99643090239        3.0144755598323839E-008
   273.99946825987951        1.1468027748644557E-003  -297980.44789545453       -2.7061529345214549E-007
   274.22163461012281        1.1507696594711427E-003  -297182.89936000673       -1.8993040779707378E-007
   274.43815368271714        1.1548634013429507E-003  -296385.35082455893        6.4796987383906884E-008
   274.64838296298296        1.1591038535094197E-003  -295587.80228911107       -1.0933896771600616E-007
   274.85145469281474        1.1635181909194097E-003  -294790.25375366327        1.0900467763491306E-007
   275.04613204723699        1.1681455883391634E-003  -293992.70521821547        1.2346565627193296E-007
   275.23051808291325        1.1730466796978350E-003  -293195.15668276767       -1.3779609687531265E-007
   275.40137590140250        1.1783256395430648E-003  -292397.60814731987        7.8436526383538005E-008
   275.55213515054589        1.1841949014624051E-003  -291600.05961187207        1.3665836385118322E-007
   275.66374103633285        1.1912721186261685E-003  -290802.51107642427       -1.0677976013169132E-007
   275.88530107179508        1.1968487109146125E-003  -290004.96254097647        55668.010085693684     
   276.21306617052284        1.2002257146456739E-003  -289207.41400552861        144265.97928513304     
   276.53900421060587        1.2036252571495964E-003  -288409.86547008081        231997.09672037858     
   276.86326961559672        1.2070450472482651E-003  -287612.31693463301        318974.30224374298     
   277.18602786341364        1.2104826417502050E-003  -286814.76839918515        405313.44796415837     
   277.50745462039527        1.2139354908514176E-003  -286017.21986373735        491132.80542558886     
   277.82773442006385        1.2174009953051369E-003  -285219.67132828955        576552.36330341129     
   278.14705888239979        1.2208765738337276E-003  -284422.12279284175        661692.91282737313     
   278.46562449952216        1.2243597380903559E-003  -283624.57425739395        746674.93056790018     
   278.78363004526778        1.2278481714219558E-003  -282827.02572194615        831617.28182722128     
   279.10127369534030        1.2313398069219790E-003  -282029.47718649835        916635.78126467101     
   279.41874996748601        1.2348328999492123E-003  -281231.92865105055        1001841.6589910486     
   279.73624660438321        1.2383260905185383E-003  -280434.38011560269        1087339.9887459818     
   280.05394152398770        1.2418184517355114E-003  -279636.83158015489        1173228.1389238546     
   280.37199995323334        1.2453095216432880E-003  -278839.28304470709        1259594.3067330893     
   280.69057184327477        1.2487993172941008E-003  -278041.73450925923        1346516.1909164158     
   281.00978964110311        1.2522883313302608E-003  -277244.18597381143        1434059.8500920369     
   281.32976646695681        1.2557775126586987E-003  -276446.63743836363        1522278.7830682509     
   281.65059472269343        1.2592682337806648E-003  -275649.08890291583        1611213.2557482137     
   281.97234513545334        1.2627622479228571E-003  -274851.54036746803        1700889.8875907115     
   282.29506622467335        1.2662616393110087E-003  -274053.99183202023        1791321.4999172904     
   282.61878416891801        1.2697687697922158E-003  -273256.44329657243        1882507.2191236739     
   282.94350304147991        1.2732862246402756E-003  -272458.89476112457        1974432.8202988983     
   283.26920537928322        1.2768167598683035E-003  -271661.34622567677        2067071.2908252436     
   283.59585304728841        1.2803632528133853E-003  -270863.79769022897        2160383.5890834653     
   283.92338835946811        1.2839286572158258E-003  -270066.24915478111        2254319.5702105351     
   284.25173541691333        1.2875159635342272E-003  -269268.70061933331        2348819.0487771491     
   284.58080162342270        1.2911281648388551E-003  -268471.15208388551        2443812.9671210558     
   284.91047933893060        1.2947682283149730E-003  -267673.60354843771        2539224.6377999098     
   285.24064763143770        1.2984390721799154E-003  -266876.05501298991        2634971.0291624358     
   285.57117408884460        1.3021435476612362E-003  -266078.50647754211        2730964.0643264498     
   285.90191665344281        1.3058844255850926E-003  -265280.95794209430        2827111.9058518996     
   286.23272544388459        1.3096643870709412E-003  -264483.40940664650        2923320.2010417953     
   286.56344453229144        1.3134860178089939E-003  -263685.86087119865        3019493.2659758758     
   286.89391364772973        1.3173518054012713E-003  -262888.31233575084        3115535.1899737348     
   287.22396978147736        1.3212641392678717E-003  -262090.76380030304        3211350.8460236648     
   287.55344867415494        1.3252253126516912E-003  -261293.21526485521        3306846.7966510090     
   287.88218616969448        1.3292375262930467E-003  -260495.66672940741        3401932.0885673957     
   288.21001942606836        1.3333028933873107E-003  -259698.11819395958        3496518.9330952652     
   288.53678797746971        1.3374234454816445E-003  -258900.56965851178        3590523.2726718560     
   288.86233464707760        1.3416011390093537E-003  -258103.02112306398        3683865.2366215987     
   289.18650631348800        1.3458378622012409E-003  -257305.47258761615        3776469.4917694298     
   289.50915453727367        1.3501354421515104E-003  -256507.92405216835        3868265.4953524410     
   289.83013605687995        1.3544956518508010E-003  -255710.37551672055        3959187.6590405186     
   290.14931316518238        1.3589202170302041E-003  -254912.82698127272        4049175.4337704997     
   290.46655397951815        1.3634108226875958E-003  -254115.27844582492        4138173.3255433361     
   290.78173261893988        1.3679691191910430E-003  -253317.72991037709        4226130.8524185484     
   291.09472930284846        1.3725967278737871E-003  -252520.18137492929        4313002.4527030000     
   291.40543038515375        1.3772952460513271E-003  -251722.63283948149        4398747.3538726363     
   291.71372833772517        1.3820662514041563E-003  -250925.08430403366        4483329.4110990139     
   292.01952169621183        1.3869113056800468E-003  -250127.53576858586        4566716.9234871725     
   292.32271498039967        1.3918319576781881E-003  -249329.98723313806        4648882.4352625823     
   292.62321860014151        1.3968297454848328E-003  -248532.43869769023        4729802.5282476908     
   292.92094875663122        1.4019061979371522E-003  -247734.89016224243        4809457.6110429270     
   293.21582734736461        1.4070628352998652E-003  -246937.34162679460        4887831.7094130423     
   293.50778188158142        1.4123011691488951E-003  -246139.79309134680        4964912.2614695160     
   293.79674541130163        1.4176227014691437E-003  -245342.24455589900        5040689.9203539658     
   294.08265648124632        1.4230289229905154E-003  -244544.69602045117        5115158.3662590245     
   294.36545909896563        1.4285213108088176E-003  -243747.14748500337        5188314.1287706215     
   294.64510272437144        1.4341013253674074E-003  -242949.59894955554        5260156.4196828557     
   294.92154227557654        1.4397704069121142E-003  -242152.05041410774        5330686.9756140923     
   295.19473814549758        1.4455299715771094E-003  -241354.50187865994        5399909.9089488136     
   295.46465622108764        1.4513814073128580E-003  -240556.95334321211        5467831.5648464179     
   295.73126789437322        1.4573260699290659E-003  -239759.40480776431        5534460.3813084820     
   295.99455005174116        1.4633652795941351E-003  -238961.85627231651        5599806.7485925443     
   296.25448502525251        1.4695003182061230E-003  -238164.30773686868        5663882.8636418022     
   296.51106048726348        1.4757324281248810E-003  -237366.75920142088        5726702.5746756233     
   296.76426926748786        1.4820628128264916E-003  -236569.21066597305        5788281.2107264921     
   297.01410907001411        1.4884926401027327E-003  -235771.66213052525        5848635.3907275777     
   297.26058206692602        1.4950230484734120E-003  -234974.11359507745        5907782.8068289002     
   297.50369434531814        1.5016551574983520E-003  -234176.56505962962        5965741.9769902267     
   297.74345518587796        1.5083900826606742E-003  -233379.01652418182        6022531.9626096664     
   297.97987615411557        1.5152289554337620E-003  -232581.46798873402        6078172.0480625667     
   298.21296998994774        1.5221729490331316E-003  -231783.91945328619        6132681.3805572800     
   298.44274928790367        1.5292233101853231E-003  -230986.37091783839        6186078.5707056709     
   298.66922496880039        1.5363813970155056E-003  -230188.82238239056        6238381.2566282190     
   298.89240455435259        1.5436487228654850E-003  -229391.27384694276        6289605.6372497771     
   299.11229026868233        1.5510270055110592E-003  -228593.72531149496        6339765.9836170012     
   299.32887700476886        1.5585182208648009E-003  -227796.17677604713        6388874.1404528525     
   299.54215020895850        1.5661246598475012E-003  -226998.62824059933        6436939.0336032612     
   299.75208375198389        1.5738489867136276E-003  -226201.07970515153        6483966.2022856064     
   299.95863786941408        1.5816942967539971E-003  -225403.53116970370        6529957.3778448692     
   300.16175726683974        1.5896641710055818E-003  -224605.98263425590        6574910.1327226805     
   300.36136949388651        1.5977627254062760E-003  -223808.43409880807        6618817.6242124075     
   300.55738369481935        1.6059946517719408E-003  -223010.88556336027        6661668.4569532014     
   300.74968984073206        1.6143652480623103E-003  -222213.33702791246        6703446.6857460719     
   300.93815853791335        1.6228804356542314E-003  -221415.78849246464        6744131.9759782115     
   301.12264148862550        1.6315467617455334E-003  -220618.23995701683        6783699.9327366157     
   301.30297265426714        1.6403713855540146E-003  -219820.69142156900        6822122.6017696653     
   301.47897013799576        1.6493620476162587E-003  -219023.14288612120        6859369.1362682069     
   301.65043876613441        1.6585270221876661E-003  -218225.59435067340        6895406.6135901846     
   301.81717330778270        1.6678750534506604E-003  -217428.04581522557        6930200.9763342533     
   301.97896223290104        1.6774152769084255E-003  -216630.49727977777        6963718.0633697817     
   302.13559187387699        1.6871571279442712E-003  -215832.94874432997        6995924.6893551936     
   302.28685082691788        1.6971102400423776E-003  -215035.40020888214        7026789.7265244192     
   302.43253440980902        1.7072843355942691E-003  -214237.85167343434        7056285.1405369807     
   302.57244898312069        1.7176891125681663E-003  -213440.30313798651        7084386.9331363151     
   302.70641594353503        1.7283341306219742E-003  -212642.75460253871        7111075.9481844231     
   302.83427521050385        1.7392287005276634E-003  -211845.20606709091        7136338.5040428825     
   302.95588804976381        1.7503817810917547E-003  -211047.65753164308        7160166.8237121357     
   303.07113910683148        1.7618018881818817E-003  -210250.10899619528        7182559.2438294049     
   303.17993755521616        1.7734970211658548E-003  -209452.56046074748        7203520.1932671629     
   303.28221728743614        1.7854746134156785E-003  -208655.01192529965        7223059.9395242641     
   303.37793607037463        1.7977415164275334E-003  -207857.46338985185        7241194.1022625715     
   303.46707350274215        1.8103040337701802E-003  -207059.91485440402        7257942.9196637794     
   303.54962733753877        1.8231680371716078E-003  -206262.36631895622        7273330.2045210190     
   303.62560696006682        1.8363392383804094E-003  -205464.81778350842        7287381.7888932303     
   303.69502058791574        1.8498238067149908E-003  -204667.26924806059        7300122.8595155543     
   303.75784550546723        1.8636298996214929E-003  -203869.72071261279        7311572.2954190178     
   303.81394097442154        1.8777722113076608E-003  -203072.17217716499        7321726.8422603002     
   303.86268139126952        1.8922910085734362E-003  -202274.62364171716        7330495.5590086756     
   303.89831857487417        1.9074878613565122E-003  -201477.07510626936        7336873.3628808651     
