   8.4856507645571341E-004   8.1690406841827367E-004  -427183.31063800002        0.0000000000000000        517950.00000314706        216.59200000000089     
   8.4962842673313749E-004   8.1774135059799072E-004  -426385.76210255222        0.0000000000000000        527406.29147762212        217.00320532624409     
   8.5069711964315669E-004   8.1858102822554275E-004  -425588.21356710442        0.0000000000000000        536862.58294956654        217.41441065248657     
   8.5177023222234624E-004   8.1942311138968416E-004  -424790.66503165656        0.0000000000000000        546318.87439651473        217.82561597872171     
   8.5284779731660283E-004   8.2026761023546357E-004  -423993.11649620876        0.0000000000000000        556141.93138575100        218.23625123765586     
   8.5392984811810842E-004   8.2111453496447751E-004  -423195.56796076096        0.0000000000000000        565964.98837457900        218.64688649658990     
   8.5501641817028779E-004   8.2196389583512146E-004  -422398.01942531316        0.0000000000000000        575788.04536354344        219.05752175552399     
   8.5610754137284298E-004   8.2281570316283760E-004  -421600.47088986536        0.0000000000000000        585993.15929807129        219.46767787488008     
   8.5720325198687739E-004   8.2366996732035963E-004  -420802.92235441750        0.0000000000000000        596198.27323300729        219.87783399423637     
   8.5830358464010579E-004   8.2452669873795184E-004  -420005.37381896970        0.0000000000000000        606403.38716794248        220.28799011359263     
   8.5940857433215267E-004   8.2538590790364895E-004  -419207.82528352190        0.0000000000000000        616998.15843039739        220.69763562690238     
   8.6051825643994220E-004   8.2624760536348428E-004  -418410.27674807410        0.0000000000000000        627592.92969285231        221.10728114021211     
   8.6163266672318489E-004   8.2711180172172357E-004  -417612.72821262630        0.0000000000000000        638187.70095530711        221.51692665352186     
   8.6275184132995713E-004   8.2797850764108807E-004  -416815.17967717850        0.0000000000000000        649179.59584136528        221.92602973359638     
   8.6387581680237666E-004   8.2884773384297745E-004  -416017.63114173064        0.0000000000000000        660171.49072742439        222.33513281367095     
   8.6500463008238693E-004   8.2971949110768742E-004  -415220.08260628284        0.0000000000000000        671163.38561348256        222.74423589374544     
   8.6613831851763861E-004   8.3059379027462332E-004  -414422.53407083504        0.0000000000000000        682559.72523644578        223.15276434603160     
   8.6727691986747467E-004   8.3147064224251281E-004  -413624.98553538724        0.0000000000000000        693956.06486013171        223.56129279831788     
   8.6842047230903266E-004   8.3235005796961027E-004  -412827.43699993944        0.0000000000000000        705352.40448110353        223.96982125060333     
   8.6956901444345603E-004   8.3323204847390105E-004  -412029.88846449158        0.0000000000000000        717160.35363723151        224.37774250560375     
   8.7072258530221207E-004   8.3411662483329815E-004  -411232.33992904378        0.0000000000000000        728968.30279287300        224.78566376060400     
   8.7188122435354217E-004   8.3500379818584171E-004  -410434.79139359598        0.0000000000000000        740776.25194815767        225.19358501560416     
   8.7304497150902710E-004   8.3589357972988344E-004  -409637.24285814818        0.0000000000000000        753002.80795310438        225.60086612017602     
   8.7421386713027621E-004   8.3678598072428167E-004  -408839.69432270038        0.0000000000000000        765229.36395840812        226.00814722474797     
   8.7538795203575225E-004   8.3768101248857696E-004  -408042.14578725252        0.0000000000000000        777455.91996371292        226.41542832931998     
   8.7656726750772742E-004   8.3857868640317614E-004  -407244.59725180472        0.0000000000000000        790107.90144071879        226.82203593658713     
   8.7775185529938185E-004   8.3947901390952421E-004  -406447.04871635692        0.0000000000000000        802759.88291772502        227.22864354385433     
   8.7894175764204453E-004   8.4038200651027841E-004  -405649.50018090912        0.0000000000000000        815411.86439473112        227.63525115112157     
   8.8013701725258957E-004   8.4128767576947176E-004  -404851.95164546132        0.0000000000000000        828495.89999228308        228.04115150866696     
   8.8133767734098316E-004   8.4219603331267838E-004  -404054.40311001346        0.0000000000000000        841579.93558983633        228.44705186621246     
   8.8254378161800118E-004   8.4310709082716909E-004  -403256.85457456566        0.0000000000000000        854663.97118738887        228.85295222375791     
   8.8375537430311450E-004   8.4402086006206997E-004  -402459.30603911786        0.0000000000000000        868186.48821804603        229.25811115968773     
   8.8497250013255585E-004   8.4493735282850679E-004  -401661.75750367006        0.0000000000000000        881709.00524913252        229.66327009561772     
   8.8619520436757635E-004   8.4585658099975544E-004  -400864.20896822226        0.0000000000000000        895231.52227936045        230.06842903154737     
   8.8742353280289819E-004   8.4677855651138143E-004  -400066.66043277446        0.0000000000000000        909198.73522864457        230.47281193795894     
   8.8865753177537422E-004   8.4770329136137741E-004  -399269.11189732660        0.0000000000000000        923165.94817792985        230.87719484437054     
   8.8989724817287532E-004   8.4863079761029396E-004  -398471.56336187880        0.0000000000000000        937133.16112721420        231.28157775078213     
   8.9114272944340166E-004   8.4956108738137111E-004  -397674.01482643100        0.0000000000000000        951551.06000159099        231.68514956416496     
   8.9239402360444383E-004   8.5049417286066104E-004  -396876.46629098320        0.0000000000000000        965968.95887596800        232.08872137754781     
   8.9365117925259993E-004   8.5143006629714488E-004  -396078.91775553540        0.0000000000000000        980386.85775034491        232.49229319093064     
   8.9491424557346956E-004   8.5236878000285175E-004  -395281.36922008754        0.0000000000000000        995261.19621384901        232.89501836910176     
   8.9618327235183298E-004   8.5331032635296508E-004  -394483.82068463974        0.0000000000000000        1010135.5346753476        233.29774354727212     
   8.9745830998214050E-004   8.5425471778593251E-004  -393686.27214919194        0.0000000000000000        1025009.8731377402        233.70046872544282     
   8.9873940947931793E-004   8.5520196680356406E-004  -392888.72361374414        0.0000000000000000        1040346.1563790506        234.10231122079557     
   9.0002662248991688E-004   8.5615208597112984E-004  -392091.17507829634        0.0000000000000000        1055682.4396208539        234.50415371614849     
   9.0132000130362057E-004   8.5710508791745266E-004  -391293.62654284853        0.0000000000000000        1071018.7228629380        234.90599621150150     
   9.0261959886512601E-004   8.5806098533499308E-004  -390496.07800740068        0.0000000000000000        1086822.1951814150        235.30691944067661     
   9.0392546878642036E-004   8.5901979097993372E-004  -389698.52947195288        0.0000000000000000        1102625.6675006568        235.70784266985194     
   9.0523766535947003E-004   8.5998151767225923E-004  -388900.98093650508        0.0000000000000000        1118429.1398200858        236.10876589902736     
   9.0655624356933905E-004   8.6094617829582355E-004  -388103.43240105727        0.0000000000000000        1134704.7718701649        236.50873270953434     
   9.0788125910776067E-004   8.6191378579842368E-004  -387305.88386560942        0.0000000000000000        1150980.4039205050        236.90869952004135     
   9.0921276838716689E-004   8.6288435319186070E-004  -386508.33533016162        0.0000000000000000        1167256.0359706515        237.30866633054845     
   9.1055082855520089E-004   8.6385789355199942E-004  -385710.78679471381        0.0000000000000000        1184008.5116957382        237.70763896543190     
   9.1189549750972647E-004   8.6483442001881853E-004  -384913.23825926601        0.0000000000000000        1200760.9874215322        238.10661160031557     
   9.1324683391433618E-004   8.6581394579646556E-004  -384115.68972381821        0.0000000000000000        1217513.4631474244        238.50558423519934     
   9.1460489721438619E-004   8.6679648415329393E-004  -383318.14118837041        0.0000000000000000        1234747.1664534882        238.90352429740761     
   9.1596974765354290E-004   8.6778204842190754E-004  -382520.59265292255        0.0000000000000000        1251980.8697598060        239.30146435961609     
   9.1734144629086658E-004   8.6877065199918971E-004  -381723.04411747475        0.0000000000000000        1269214.5730661214        239.69940442182457     
   9.1872005501841857E-004   8.6976230834633506E-004  -380925.49558202695        0.0000000000000000        1286933.5743034598        240.09627284042961     
   9.2010563657939971E-004   8.7075703098887043E-004  -380127.94704657915        0.0000000000000000        1304652.5755409626        240.49314125903464     
   9.2149825458680463E-004   8.7175483351667666E-004  -379330.39851113135        0.0000000000000000        1322371.5767784535        240.89000967763974     
   9.2289797354259864E-004   8.7275572958399783E-004  -378532.84997568349        0.0000000000000000        1340579.6191889625        241.28576667837004     
   9.2430485885737154E-004   8.7375973290945209E-004  -377735.30144023569        0.0000000000000000        1358787.6615988233        241.68152367910000     
   9.2571897687049201E-004   8.7476685727603317E-004  -376937.75290478789        0.0000000000000000        1376995.7040093380        242.07728067983032     
   9.2714039487070321E-004   8.7577711653110844E-004  -376140.20436934009        0.0000000000000000        1395696.1902934031        242.47188576234743     
   9.2856918111714891E-004   8.7679052458641013E-004  -375342.65583389229        0.0000000000000000        1414396.6765779434        242.86649084486476     
   9.3000540486079628E-004   8.7780709541802372E-004  -374545.10729844449        0.0000000000000000        1433097.1628626245        243.26109592738220     
   9.3144913636621801E-004   8.7882684306636865E-004  -373747.55876299663        0.0000000000000000        1452293.1420562307        243.65450785130156     
   9.3290044693369097E-004   8.7984978163617520E-004  -372950.01022754883        0.0000000000000000        1471489.1212482329        244.04791977522032     
   9.3435940892156995E-004   8.8087592529645397E-004  -372152.46169210103        0.0000000000000000        1490685.1004406235        244.44133169913917     
   9.3582609576888117E-004   8.8190528828046406E-004  -371354.91315665323        0.0000000000000000        1510379.2552528859        244.83350847989317     
   9.3730058201810435E-004   8.8293788488567014E-004  -370557.36462120537        0.0000000000000000        1530073.4100661082        245.22568526064762     
   9.3878294333805739E-004   8.8397372947370012E-004  -369759.81608575757        0.0000000000000000        1549767.5648793217        245.61786204140205     
   9.4027325654686496E-004   8.8501283647029257E-004  -368962.26755030977        0.0000000000000000        1569962.1996354035        246.00876095575836     
   9.4177159963491886E-004   8.8605522036524034E-004  -368164.71901486197        0.0000000000000000        1590156.8343920587        246.39965987011485     
   9.4327805178780579E-004   8.8710089571233193E-004  -367367.17047941417        0.0000000000000000        1610351.4691487146        246.79055878447139     
   9.4479269340911839E-004   8.8814987712928020E-004  -366569.62194396637        0.0000000000000000        1631048.4983345112        247.18013638390204     
   9.4631560614311431E-004   8.8920217929765383E-004  -365772.07340851851        0.0000000000000000        1651745.5275205798        247.56971398333295     
   9.4784687289715670E-004   8.9025781696279536E-004  -364974.52487307071        0.0000000000000000        1672442.5567061065        247.95929158276351     
   9.4938657786389604E-004   8.9131680493373963E-004  -364176.97633762291        0.0000000000000000        1693643.4940600698        248.34750371120884     
   9.5093480654314180E-004   8.9237915808312060E-004  -363379.42780217511        0.0000000000000000        1714844.4314120286        248.73571583965315     
   9.5249164576337645E-004   8.9344489134707999E-004  -362581.87926672731        0.0000000000000000        1736045.3687656245        249.12392796809834     
   9.5405718370289601E-004   8.9451401972516140E-004  -361784.33073127945        0.0000000000000000        1757751.3166883169        249.51072977913148     
   9.5563150991052751E-004   8.9558655828020069E-004  -360986.78219583165        0.0000000000000000        1779457.2646126999        249.89753159016544     
   9.5721471532591196E-004   8.9666252213821429E-004  -360189.23366038385        0.0000000000000000        1801163.2125372018        250.28433340119952     
   9.5880689229934323E-004   8.9774192648827084E-004  -359391.68512493605        0.0000000000000000        1823374.8515012600        250.66967936852132     
   9.6040813461115181E-004   8.9882478658236706E-004  -358594.13658948825        0.0000000000000000        1845586.4904661367        251.05502533584348     
   9.6201853749064263E-004   8.9991111773528364E-004  -357796.58805404045        0.0000000000000000        1867798.1294310149        251.44037130316573     
   9.6363819763460113E-004   9.0100093532444116E-004  -356999.03951859259        0.0000000000000000        1890515.7068962986        251.82421521784013     
   9.6526721322539926E-004   9.0209425478974376E-004  -356201.49098314479        0.0000000000000000        1913233.2843616987        252.20805913251451     
   9.6690568394872979E-004   9.0319109163341171E-004  -355403.94244769699        0.0000000000000000        1935950.8618269807        252.59190304718888     
   9.6855371101102321E-004   9.0429146141980481E-004  -354606.39391224919        0.0000000000000000        1959174.1801634606        252.97419799534447     
   9.7021139715660015E-004   9.0539537977523483E-004  -353808.84537680133        0.0000000000000000        1982397.4985000612        253.35649294350011     
   9.7187884668463453E-004   9.0650286238776179E-004  -353011.29684135353        0.0000000000000000        2005620.8168366598        253.73878789165579     
   9.7355616546600731E-004   9.0761392500698088E-004  -352213.74830590573        0.0000000000000000        2029349.2196817442        254.11948620739724     
   9.7524346096012683E-004   9.0872858344379201E-004  -351416.19977045793        0.0000000000000000        2053077.6225268282        254.50018452313867     
   9.7694084223183672E-004   9.0984685357015202E-004  -350618.65123501013        0.0000000000000000        2076806.0253719122        254.88088283888007     
   9.7864841996850391E-004   9.1096875131881517E-004  -349821.10269956233        0.0000000000000000        2101038.3818920851        255.25993602889133     
   9.8036630649740871E-004   9.1209429268304762E-004  -349023.55416411452        0.0000000000000000        2125270.7384122577        255.63898921890262     
   9.8209461580356133E-004   9.1322349371632478E-004  -348226.00562866667        0.0000000000000000        2149503.0949324318        256.01804240891391     
   9.8383346354807941E-004   9.1435637053201247E-004  -347428.45709321887        0.0000000000000000        2174237.7815462528        256.39540104745686     
   9.8558296708724821E-004   9.1549293930301260E-004  -346630.90855777106        0.0000000000000000        2198972.4681600733        256.77275968599974     
   9.8734324549243444E-004   9.1663321626140161E-004  -345833.36002232326        0.0000000000000000        2223707.1547738947        257.15011832454269     
   9.8911441957095971E-004   9.1777721769802664E-004  -345035.81148687541        0.0000000000000000        2248942.0340345372        257.52573192001717     
   9.9089661188811614E-004   9.1892495996208920E-004  -344238.26295142761        0.0000000000000000        2274176.9132951787        257.90134551549158     
   9.9268994679045197E-004   9.2007645946068914E-004  -343440.71441597980        0.0000000000000000        2299411.7925558197        258.27695911096606     
   9.9449455043048121E-004   9.2123173265835196E-004  -342643.16588053200        0.0000000000000000        2325144.1890547606        258.65077594761738     
   9.9631055079297138E-004   9.2239079607651909E-004  -341845.61734508420        0.0000000000000000        2350876.5855537010        259.02459278426863     
   9.9813807772294221E-004   9.2355366629301135E-004  -341048.06880963640        0.0000000000000000        2376608.9820526419        259.39840962091989     
   9.9997726295553212E-004   9.2472035994146538E-004  -340250.52027418854        0.0000000000000000        2402835.6554042525        259.77037658138750     
   1.0018282401478590E-003   9.2589089371073786E-004  -339452.97173874074        0.0000000000000000        2429062.3287558611        260.14234354185504     
   1.0036911449130164E-003   9.2706528434428578E-004  -338655.42320329294        0.0000000000000000        2455289.0021074698        260.51431050232264     
   1.0055661148563278E-003   9.2824354863951753E-004  -337857.87466784514        0.0000000000000000        2482006.1172617190        260.88437287831266     
   1.0074532896139810E-003   9.2942570344712032E-004  -337060.32613239728        0.0000000000000000        2508723.2324164147        261.25443525430296     
   1.0093528108941464E-003   9.3061176567036394E-004  -336262.77759694948        0.0000000000000000        2535440.3475699620        261.62449763029264     
   1.0112648225206980E-003   9.3180175226438967E-004  -335465.22906150168        0.0000000000000000        2562643.4428609456        261.99259892954461     
   1.0131894704796154E-003   9.3299568023547791E-004  -334667.68052605388        0.0000000000000000        2589846.5381519292        262.36070022879665     
   1.0151269029681561E-003   9.3419356664030742E-004  -333870.13199060608        0.0000000000000000        2617049.6334429127        262.72880152804862     
   1.0170772704468781E-003   9.3539542858520443E-004  -333072.58345515828        0.0000000000000000        2644733.5869272253        263.09488328590334     
   1.0190407256945617E-003   9.3660128322539736E-004  -332275.03491971048        0.0000000000000000        2672417.5404115357        263.46096504375805     
   1.0210174238660982E-003   9.3781114776426608E-004  -331477.48638426262        0.0000000000000000        2700101.4938956806        263.82704680161260     
   1.0230075225533786E-003   9.3902503945260971E-004  -330679.93784881482        0.0000000000000000        2728260.4885808704        264.19104840480151     
   1.0250111818492045E-003   9.4024297558792792E-004  -329882.38931336702        0.0000000000000000        2756419.4832665338        264.55505000799076     
   1.0270285644142635E-003   9.4146497351373256E-004  -329084.84077791922        0.0000000000000000        2784578.4779525776        264.91905161118035     
   1.0290598355471496E-003   9.4269105061888620E-004  -328287.29224247136        0.0000000000000000        2813205.9665549053        265.28091014002524     
   1.0311051632574497E-003   9.4392122433698260E-004  -327489.74370702356        0.0000000000000000        2841833.4551579226        265.64276866887059     
   1.0331647183418648E-003   9.4515551214578676E-004  -326692.19517157576        0.0000000000000000        2870460.9437609413        266.00462719771599     
   1.0352386744633629E-003   9.4639393156671723E-004  -325894.64663612796        0.0000000000000000        2899549.6135326582        266.36427729073711     
   1.0373272082333134E-003   9.4763650016441126E-004  -325097.09810068016        0.0000000000000000        2928638.2833042284        266.72392738375800     
   1.0394304992965737E-003   9.4888323554634879E-004  -324299.54956523236        0.0000000000000000        2957726.9530761554        267.08357747677917     
   1.0415487304194816E-003   9.5013415536257648E-004  -323502.00102978450        0.0000000000000000        2987268.6910942798        267.44095121888677     
   1.0436820875806946E-003   9.5138927730550199E-004  -322704.45249433670        0.0000000000000000        3016810.4291126849        267.79832496099471     
   1.0458307600648043E-003   9.5264861910980298E-004  -321906.90395888890        0.0000000000000000        3046352.1671310919        268.15569870310253     
   1.0479949405586939E-003   9.5391219855243199E-004  -321109.35542344110        0.0000000000000000        3076338.0261989553        268.51072553516775     
   1.0501748252505156E-003   9.5518003345272629E-004  -320311.80688799324        0.0000000000000000        3106323.8852668186        268.86575236723286     
   1.0523706139312606E-003   9.5645214167263781E-004  -319514.25835254544        0.0000000000000000        3136309.7443346810        269.22077919929797     
   1.0545825100988229E-003   9.5772854111706742E-004  -318716.70981709764        0.0000000000000000        3166729.9092724770        269.57338584305239     
   1.0568107210644807E-003   9.5900924973433177E-004  -317919.16128164984        0.0000000000000000        3197150.0742102712        269.92599248680688     
   1.0590554580617263E-003   9.6029428551673026E-004  -317121.61274620204        0.0000000000000000        3227570.2391483122        270.27859913056153     
   1.0613169363573470E-003   9.6158366650123909E-004  -316324.06421075424        0.0000000000000000        3258413.9928416302        270.62870951875169     
   1.0635953753647231E-003   9.6287741077031360E-004  -315526.51567530644        0.0000000000000000        3289257.7465347596        270.97881990694174     
   1.0658909987592323E-003   9.6417553645279815E-004  -314728.96713985858        0.0000000000000000        3320101.5002272427        271.32893029513116     
   1.0682040345957264E-003   9.6547806172493427E-004  -313931.41860441078        0.0000000000000000        3351357.1882724613        271.67646549282648     
   1.0705347154280028E-003   9.6678500481146574E-004  -313133.87006896298        0.0000000000000000        3382612.8763175663        272.02400069052180     
   1.0728832784302430E-003   9.6809638398682866E-004  -312336.32153351518        0.0000000000000000        3413868.5643634042        272.37153588821758     
   1.0752499655203678E-003   9.6941221757639766E-004  -311538.77299806732        0.0000000000000000        3445523.5566334696        272.71641398768929     
   1.0776350234852749E-003   9.7073252395780680E-004  -310741.22446261952        0.0000000000000000        3477178.5489039766        273.06129208716135     
   1.0800387041079759E-003   9.7205732156230003E-004  -309943.67592717172        0.0000000000000000        3508833.5411744840        273.40617018663340     
   1.0824612642965819E-003   9.7338662887611234E-004  -309146.12739172392        0.0000000000000000        3540874.1880944786        273.74830615573387     
   1.0849029662152170E-003   9.7472046444185931E-004  -308348.57885627612        0.0000000000000000        3572914.8350144741        274.09044212483445     
   1.0873640774168305E-003   9.7605884685990796E-004  -307551.03032082831        0.0000000000000000        3604955.4819344715        274.43257809393492     
   1.0898448709780110E-003   9.7740179478972506E-004  -306753.48178538051        0.0000000000000000        3637367.0628834609        274.77188355723234     
   1.0923456256358365E-003   9.7874932695117024E-004  -305955.93324993266        0.0000000000000000        3669778.6438318980        275.11118902052937     
   1.0948666259268760E-003   9.8010146212571588E-004  -305158.38471448486        0.0000000000000000        3702190.2247801889        275.45049448382616     
   1.0974081623284467E-003   9.8145821915757484E-004  -304360.83617903705        0.0000000000000000        3734956.8858485268        275.78687741756119     
   1.0999705314022729E-003   9.8281961695471281E-004  -303563.28764358925        0.0000000000000000        3767723.5469173919        276.12326035129661     
   1.1025540359406887E-003   9.8418567448972628E-004  -302765.73910814140        0.0000000000000000        3800490.2079862608        276.45964328503214     
   1.1051589851156010E-003   9.8555641080056854E-004  -301968.19057269359        0.0000000000000000        3833594.8865259192        276.79300761209765     
   1.1077856946303895E-003   9.8693184499109676E-004  -301170.64203724579        0.0000000000000000        3866699.5650658049        277.12637193916345     
   1.1104344868750186E-003   9.8831199623143195E-004  -300373.09350179799        0.0000000000000000        3899804.2436052477        277.45973626622890     
   1.1131056910845746E-003   9.8969688375811181E-004  -299575.54496635019        0.0000000000000000        3933228.5776257915        277.78998134626192     
   1.1157996435015702E-003   9.9108652687401660E-004  -298777.99643090239        0.0000000000000000        3966652.9116463331        278.12022642629489     
   1.1185166875422809E-003   9.9248094494807206E-004  -297980.44789545453        0.0000000000000000        4000077.2456669607        278.45047150632791     
   1.1212571739674735E-003   9.9388015741469233E-004  -297182.89936000673        0.0000000000000000        4033801.4674093514        278.77749152892517     
   1.1240214610578894E-003   9.9528418377298590E-004  -296385.35082455893        0.0000000000000000        4067525.6891504191        279.10451155152111     
   1.1268099147948511E-003   9.9669304358569570E-004  -295587.80228911107        0.0000000000000000        4101249.9108928218        279.43153157411842     
   1.1296229090464057E-003   9.9810675647787634E-004  -294790.25375366327        0.0000000000000000        4135252.7257113038        279.75521487949419     
   1.1324608257594292E-003   9.9952534213532140E-004  -293992.70521821547        0.0000000000000000        4169255.5405302872        280.07889818487047     
   1.1353240551581268E-003   1.0009488203027200E-003  -293195.15668276767        0.0000000000000000        4203258.3553492706        280.40258149024686     
   1.1382129959494093E-003   1.0023772107815721E-003  -292397.60814731987        0.0000000000000000        4237516.8094470268        280.72280986011947     
   1.1411280555355939E-003   1.0038105334278528E-003  -291600.05961187207        0.0000000000000000        4271775.2635453632        281.04303822999270     
   1.1440696502349472E-003   1.0052488081494443E-003  -290802.51107642427        0.0000000000000000        4306033.7176431324        281.36326659986531     
   1.1470382055105575E-003   1.0066920549033521E-003  -290004.96254097647        0.0000000000000000        4340523.0608908273        281.67991457953394     
   1.1500341562080667E-003   1.0081402936927117E-003  -289207.41400552861        0.0000000000000000        4375012.4041375006        281.99656255920144     
   1.1530579468027797E-003   1.0095935445636117E-003  -288409.86547008081        0.0000000000000000        4409501.7473842725        282.31321053886910     
   1.1561100316567110E-003   1.0110518276017530E-003  -287612.31693463301        0.0000000000000000        4444195.3001721501        282.62614486606464     
   1.1591908752860880E-003   1.0125151629289601E-003  -286814.76839918515        0.0000000000000000        4478888.8529599737        282.93907919326023     
   1.1623009526399292E-003   1.0139835706995727E-003  -286017.21986373735        0.0000000000000000        4513582.4057481745        283.25201352045616     
   1.1654407493902467E-003   1.0154570710967455E-003  -285219.67132828955        0.0000000000000000        4548451.4409290906        283.56109274336455     
   1.1686107622344772E-003   1.0169356843286752E-003  -284422.12279284175        0.0000000000000000        4583320.4761101594        283.87017196627306     
   1.1718114992107947E-003   1.0184194306247811E-003  -283624.57425739395        0.0000000000000000        4618189.5112912264        284.17925118918157     
   1.1750434800269416E-003   1.0199083302318767E-003  -282827.02572194615        0.0000000000000000        4653203.1630999893        284.48432555048646     
   1.1783072364032643E-003   1.0214024034103479E-003  -282029.47718649835        0.0000000000000000        4688216.8149087401        284.78939991179135     
   1.1816033124307139E-003   1.0229016704303667E-003  -281231.92865105055        0.0000000000000000        4723230.4667174919        285.09447427309618     
   1.1849322649445649E-003   1.0244061515681745E-003  -280434.38011560269        0.0000000000000000        4758355.6774323508        285.39538591497330     
   1.1882946639147215E-003   1.0259158671024494E-003  -279636.83158015489        0.0000000000000000        4793480.8881473336        285.69629755685060     
   1.1916910928535180E-003   1.0274308373107890E-003  -278839.28304470709        0.0000000000000000        4828606.0988616627        285.99720919872709     
   1.1951221492420047E-003   1.0289510824663369E-003  -278041.73450925923        0.0000000000000000        4863807.6100953585        286.29379270261796     
   1.1985884449758400E-003   1.0304766228345515E-003  -277244.18597381143        0.0000000000000000        4899009.1213290580        286.59037620650889     
   1.2020906068319394E-003   1.0320074786701696E-003  -276446.63743836363        0.0000000000000000        4934210.6325627537        286.88695971039976     
   1.2056292769572607E-003   1.0335436702143598E-003  -275649.08890291583        0.0000000000000000        4969451.0211531213        287.17904292534058     
   1.2092051133810961E-003   1.0350852176920845E-003  -274851.54036746803        0.0000000000000000        5004691.4097434869        287.47112614028129     
   1.2128187905525217E-003   1.0366321413096838E-003  -274053.99183202023        0.0000000000000000        5039931.7983338498        287.76320935522199     
   1.2164709999046592E-003   1.0381844612527074E-003  -273256.44329657243        0.0000000000000000        5075171.5468223225        288.05061439345286     
   1.2201624504476888E-003   1.0397421976839764E-003  -272458.89476112457        0.0000000000000000        5110411.2953100568        288.33801943168282     
   1.2238938693925688E-003   1.0413053707419016E-003  -271661.34622567677        0.0000000000000000        5145651.0437976215        288.62542446991250     
   1.2276660028076656E-003   1.0428740005390500E-003  -270863.79769022897        0.0000000000000000        5180848.6232898301        288.90796866746962     
   1.2314796163105767E-003   1.0444481071609725E-003  -270066.24915478111        0.0000000000000000        5216046.2027821057        289.19051286502679     
   1.2353354957975581E-003   1.0460277106652685E-003  -269268.70061933331        0.0000000000000000        5251243.7822744222        289.47305706258408     
   1.2392344482130807E-003   1.0476128310809196E-003  -268471.15208388551        0.0000000000000000        5286355.7127547422        289.75055362983602     
   1.2431773023620757E-003   1.0492034884078412E-003  -267673.60354843771        0.0000000000000000        5321467.6432350622        290.02805019708796     
   1.2471649097674914E-003   1.0507997026166869E-003  -266876.05501298991        0.0000000000000000        5356579.5737153860        290.30554676433991     
   1.2511981455756984E-003   1.0524014936488585E-003  -266078.50647754211        0.0000000000000000        5391560.4161782637        290.57780480569289     
   1.2552779095122957E-003   1.0540088814167364E-003  -265280.95794209430        0.0000000000000000        5426541.2586411433        290.85006284704571     
   1.2594051268905763E-003   1.0556218858041044E-003  -264483.40940664650        0.0000000000000000        5461522.1011040071        291.12232088839863     
   1.2635807496748457E-003   1.0572405266667511E-003  -263685.86087119865        0.0000000000000000        5496324.3307323111        291.38914447332155     
   1.2678057576002578E-003   1.0588648238332359E-003  -262888.31233575084        0.0000000000000000        5531126.5603607167        291.65596805824453     
   1.2720811593505948E-003   1.0604947971058034E-003  -262090.76380030304        0.0000000000000000        5565928.7899888400        291.92279164316710     
   1.2764079937947657E-003   1.0621304662614213E-003  -261293.21526485521        0.0000000000000000        5600502.5037744008        292.18397768285735     
   1.2807873312820916E-003   1.0637718510529291E-003  -260495.66672940741        0.0000000000000000        5635076.2175599700        292.44516372254759     
   1.2852202749958788E-003   1.0654189712102737E-003  -259698.11819395958        0.0000000000000000        5669649.9313455261        292.70634976223783     
   1.2897079623635120E-003   1.0670718464418111E-003  -258900.56965851178        0.0000000000000000        5703942.3605904961        292.96168460264175     
   1.2942515665206437E-003   1.0687304964356644E-003  -258103.02112306398        0.0000000000000000        5738234.7898355201        293.21701944304584     
   1.2988522978255211E-003   1.0703949408610992E-003  -257305.47258761615        0.0000000000000000        5772527.2190804398        293.47235428344965     
   1.3035114054185265E-003   1.0720651993699184E-003  -256507.92405216835        0.0000000000000000        5806482.0493439697        293.72160916856654     
   1.3082301788203429E-003   1.0737412915978422E-003  -255710.37551672055        0.0000000000000000        5840436.8796075024        293.97086405368350     
   1.3130099495608570E-003   1.0754232371658662E-003  -254912.82698127272        0.0000000000000000        5874391.7098711608        294.22011893880068     
   1.3178520928294256E-003   1.0771110556815663E-003  -254115.27844582492        0.0000000000000000        5907948.2574762544        294.46304481061190     
   1.3227580291353975E-003   1.0788047667403570E-003  -253317.72991037709        0.0000000000000000        5941504.8050812213        294.70597068242296     
   1.3277292259666572E-003   1.0805043899266588E-003  -252520.18137492929        0.0000000000000000        5975061.3526860811        294.94889655423378     
   1.3327671994322918E-003   1.0822099448149864E-003  -251722.63283948149        0.0000000000000000        6008153.7028865544        295.18521899149658     
   1.3378735158746024E-003   1.0839214509709362E-003  -250925.08430403366        0.0000000000000000        6041246.0530870920        295.42154142875950     
   1.3430497934347428E-003   1.0856389279520465E-003  -250127.53576858586        0.0000000000000000        6074338.4032881288        295.65786386602349     
   1.3482977035558035E-003   1.0873623953085540E-003  -249329.98723313806        0.0000000000000000        6106894.6694999998        295.88727924329521     
   1.3536189724075187E-003   1.0890918725839967E-003  -248532.43869769023        0.0000000000000000        6139450.9357123654        296.11669462056784     
   1.3590153822173147E-003   1.0908273793156969E-003  -247734.89016224243        0.0000000000000000        6172007.2019247366        296.34610999784070     
   1.3644887724943979E-003   1.0925689350350836E-003  -246937.34162679460        0.0000000000000000        6203949.0999980196        296.56828405348000     
   1.3700410411360321E-003   1.0943165592678689E-003  -246139.79309134680        0.0000000000000000        6235890.9980712971        296.79045810911941     
   1.3756741454091972E-003   1.0960702715340728E-003  -245342.24455589900        0.0000000000000000        6267832.8961445764        297.01263216475883     
   1.3813901028058445E-003   1.0978300913478897E-003  -244544.69602045117        0.0000000000000000        6299075.8184809629        297.22720196600977     
   1.3871909917766571E-003   1.0995960382173932E-003  -243747.14748500337        0.0000000000000000        6330318.7408173569        297.44177176726089     
   1.3930789523562009E-003   1.1013681316440901E-003  -242949.59894955554        0.0000000000000000        6361561.6631537760        297.65634156851212     
   1.3990561867020367E-003   1.1031463911223133E-003  -242152.05041410774        0.0000000000000000        6392015.3605282288        297.86292123602362     
   1.4051249595811556E-003   1.1049308361384597E-003  -241354.50187865994        0.0000000000000000        6422469.0579027785        298.06950090353536     
   1.4112875988495266E-003   1.1067214861700768E-003  -240556.95334321211        0.0000000000000000        6452922.7552773664        298.27608057104720     
   1.4175464959833533E-003   1.1085183606848001E-003  -239759.40480776431        0.0000000000000000        6482492.5769046592        298.47427005172273     
   1.4239041067341523E-003   1.1103214791391507E-003  -238961.85627231651        0.0000000000000000        6512062.3985322062        298.67245953239899     
   1.4303629519929859E-003   1.1121308609771817E-003  -238164.30773686868        0.0000000000000000        6541632.2201597570        298.87064901307525     
   1.4369256189607671E-003   1.1139465256290032E-003  -237366.75920142088        0.0000000000000000        6570220.6447318336        299.06004385533879     
   1.4435947627318539E-003   1.1157684925091665E-003  -236569.21066597305        0.0000000000000000        6598809.0693037156        299.24943869760170     
   1.4503731084038770E-003   1.1175967810149322E-003  -235771.66213052525        0.0000000000000000        6627397.4938754542        299.43883353986433     
   1.4572634538291727E-003   1.1194314105244182E-003  -234974.11359507745        0.0000000000000000        6654905.4782117624        299.61903252352221     
   1.4642686731185389E-003   1.1212724003946365E-003  -234176.56505962962        0.0000000000000000        6682413.4625482131        299.79923150718054     
   1.4713917209970269E-003   1.1231197699594216E-003  -233379.01652418182        0.0000000000000000        6709921.4468846451        299.97943049083881     
   1.4786356380923481E-003   1.1249735385272686E-003  -232581.46798873402        0.0000000000000000        6736249.0532965306        300.15003787622487     
   1.4860035572076356E-003   1.1268337253790663E-003  -231783.91945328619        0.0000000000000000        6762576.6597079355        300.32064526160957     
   1.4934987105940287E-003   1.1287003497657498E-003  -230986.37091783839        0.0000000000000000        6788904.2661195667        300.49125264699484     
   1.5011244381917153E-003   1.1305734309058702E-003  -230188.82238239056        0.0000000000000000        6813950.2469638139        300.65187350129929     
   1.5088841967544559E-003   1.1324529879830861E-003  -229391.27384694276        0.0000000000000000        6838996.2278080499        300.81249435560358     
   1.5167815697125131E-003   1.1343390401435892E-003  -228593.72531149496        0.0000000000000000        6864042.2086524069        300.97311520990843     
   1.5248202775637011E-003   1.1362316064934493E-003  -227796.17677604713        0.0000000000000000        6887702.7822153941        301.12334587892019     
   1.5330041885164235E-003   1.1381307060959107E-003  -226998.62824059933        0.0000000000000000        6911363.3557785321        301.27357654793269     
   1.5413373290426404E-003   1.1400363579686244E-003  -226201.07970515153        0.0000000000000000        6935023.9293416562        301.42380721694508     
   1.5498238939375627E-003   1.1419485810808217E-003  -225403.53116970370        0.0000000000000000        6957191.7233211631        301.56322740528947     
   1.5584682554281712E-003   1.1438673943504345E-003  -224605.98263425590        0.0000000000000000        6979359.5173007958        301.70264759363425     
   1.5672749708260094E-003   1.1457928166411756E-003  -223808.43409880807        0.0000000000000000        7001527.3112801332        301.84206778197796     
   1.5762487881853544E-003   1.1477248667595562E-003  -223010.88556336027        0.0000000000000000        7022091.9983190540        301.97024350129760     
   1.5853946494033138E-003   1.1496635634518698E-003  -222213.33702791246        0.0000000000000000        7042656.6853580074        302.09841922061730     
   1.5947176901859488E-003   1.1516089254011207E-003  -221415.78849246464        0.0000000000000000        7063221.3723969907        302.22659493993723     
   1.6042232363036007E-003   1.1535609712239134E-003  -220618.23995701683        0.0000000000000000        7082073.4157969113        302.34310022129574     
   1.6139167955671692E-003   1.1555197194672998E-003  -219820.69142156900        0.0000000000000000        7100925.4591961643        302.45960550265158     
   1.6238040449738879E-003   1.1574851886055751E-003  -219023.14288612120        0.0000000000000000        7119777.5025957180        302.57611078400862     
   1.6338908124981944E-003   1.1594573970370378E-003  -218225.59435067340        0.0000000000000000        7136815.4605035074        302.68056967709754     
   1.6441830530353023E-003   1.1614363630806975E-003  -217428.04581522557        0.0000000000000000        7153853.4184111748        302.78502857018600     
   1.6546868180519570E-003   1.1634221049729406E-003  -216630.49727977777        0.0000000000000000        7170891.3763186857        302.88948746327384     
   1.6654082185523558E-003   1.1654146408641524E-003  -215832.94874432997        0.0000000000000000        7186031.6082712105        302.98162834838962     
   1.6763533810497788E-003   1.1674139888152792E-003  -215035.40020888214        0.0000000000000000        7201171.8402235601        303.07376923350466     
   1.6875283963344314E-003   1.1694201667943535E-003  -214237.85167343434        0.0000000000000000        7216312.0721758846        303.16591011861959     
   1.6989392609769529E-003   1.1714331926729609E-003  -213440.30313798651        0.0000000000000000        7229498.1988127884        303.24561628289587     
   1.7105918116992044E-003   1.1734530842226500E-003  -212642.75460253871        0.0000000000000000        7242684.3254496865        303.32532244717203     
   1.7224916530049188E-003   1.1754798591112941E-003  -211845.20606709091        0.0000000000000000        7255870.4520865688        303.40502861144807     
   1.7346440787888503E-003   1.1775135348993889E-003  -211047.65753164308        0.0000000000000000        7267079.4603687758        303.47236755578638     
   1.7470539890475421E-003   1.1795541290362951E-003  -210250.10899619528        0.0000000000000000        7278288.4686507890        303.53970650012377     
   1.7597258032737814E-003   1.1816016588564115E-003  -209452.56046074748        0.0000000000000000        7289497.4769327557        303.60704544446094     
   1.7726633726170766E-003   1.1836561415752911E-003  -208655.01192529965        0.0000000000000000        7298740.6491579358        303.66226792890376     
   1.7858698933558887E-003   1.1857175942856875E-003  -207857.46338985185        0.0000000000000000        7307983.8213831969        303.71749041334698     
   1.7993478246012050E-003   1.1877860339535346E-003  -207059.91485440402        0.0000000000000000        7317226.9936084878        303.77271289779031     
   1.8130988132839514E-003   1.1898614774138510E-003  -206262.36631895622        0.0000000000000000        7324546.9386554612        303.81623097909409     
   1.8271236292323539E-003   1.1919439413665852E-003  -205464.81778350842        0.0000000000000000        7331866.8837024365        303.85974906039780     
   1.8414221123494447E-003   1.1940334423723659E-003  -204667.26924806059        0.0000000000000000        7339186.8287494192        303.90326714170152     
   1.8559931323274793E-003   1.1961299968482025E-003  -203869.72071261279        0.0000000000000000        7344656.3135736864        303.93564527352800     
   1.8708345588383918E-003   1.1982336210630937E-003  -203072.17217716499        0.0000000000000000        7350125.7983979303        303.96802340535442     
   1.8859432366564878E-003   1.2003443311335584E-003  -202274.62364171716        0.0000000000000000        7355595.2832221733        304.00040153718072     
   1.9013149558747377E-003   1.2024621430191053E-003  -201477.07510626936        0.0000000000000000        7359328.8800491448        304.02242426770948     
   1.9169444028747796E-003   1.2045870725176044E-003  -200679.52657082153        0.0000000000000000        7363062.4768761555        304.04444699823853     
   1.9328250748231841E-003   1.2067191352605920E-003  -199881.97803537373        0.0000000000000000        7366796.0737031717        304.06646972876763     
   1.9489491417032467E-003   1.2088583467085058E-003  -199084.42949992593        0.0000000000000000        7368989.4904566333        304.07937099270669     
   1.9653072507407219E-003   1.2110047221458194E-003  -198286.88096447810        0.0000000000000000        7371182.9072100595        304.09227225664563     
   1.9818882919503539E-003   1.2131582766761288E-003  -197489.33242903030        0.0000000000000000        7373376.3239635266        304.10517352058474     
   1.9986791848944597E-003   1.2153190252171429E-003  -196691.78389358247        0.0000000000000000        7374370.3298098622        304.11100845244749     
   2.0156647941494141E-003   1.2174869824956088E-003  -195894.23535813467        0.0000000000000000        7375364.3356563393        304.11684338431104     
   2.0328281166778913E-003   1.2196621630421714E-003  -195096.68682268687        0.0000000000000000        7376358.3415028211        304.12267831617464     
   2.0501508667467362E-003   1.2218445811861536E-003  -194299.13828723904        0.0000000000000000        7376641.5535561908        304.12433902780930     
   2.0676145007477950E-003   1.2240342510502786E-003  -193501.58975179124        0.0000000000000000        7376924.7656096350        304.12599973944430     
   2.0852015888421192E-003   1.2262311865453191E-003  -192704.04121634344        0.0000000000000000        7377207.9776629470        304.12766045107867     
   2.1028973427277145E-003   1.2284354013646994E-003  -191906.49268089561        0.0000000000000000        7377238.6517788917        304.12784030073993     
   2.1185799828913601E-003   1.2306469089790337E-003  -191108.94414544781        0.0000000000000000        7377269.3259046627        304.12802015045861     
