   7.2669137417338867E-002   7.2669137417338867E-002  -114003.70600000001        525588.21501694177        202.16606680672285     
   7.2460740713391911E-002   7.2685402152752668E-002  -113983.41991212122        519504.73295494687        216.66057937427848     
   7.2256371657901108E-002   7.2698724839063464E-002  -113963.13382424242        521059.46561804065        216.72915873571327     
   7.2052449103126401E-002   7.2712046779163750E-002  -113942.84773636365        522614.19780316280        216.79773807623420     
   7.1848971470096057E-002   7.2725367974089475E-002  -113922.56164848486        524169.97537428280        216.86611455359858     
   7.1645937182174463E-002   7.2738688424868414E-002  -113902.27556060607        525725.75294513174        216.93449103095193     
   7.1443344665011302E-002   7.2752008132521334E-002  -113881.98947272728        527281.53051635541        217.00286750831998     
   7.1241192346506207E-002   7.2765327098060856E-002  -113861.70338484849        528853.85465796955        217.07150799742121     
   7.1039478656763230E-002   7.2778645322492036E-002  -113841.41729696970        530426.17879988509        217.14014848653221     
   7.0838202028057087E-002   7.2791962806812577E-002  -113821.13120909092        531998.50294248690        217.20878897567337     
   7.0637360894775500E-002   7.2805279552012533E-002  -113800.84512121213        533587.63915877824        217.27769771431358     
   7.0436953693396531E-002   7.2818595559074467E-002  -113780.55903333334        535176.77537589008        217.34660645298808     
   7.0236978862425456E-002   7.2831910828973390E-002  -113760.27294545455        536765.91159239807        217.41551519164602     
   7.0037434842362342E-002   7.2845225362677180E-002  -113739.98685757576        538372.13221877429        217.48469652897748     
   6.9838320075660196E-002   7.2858539161146194E-002  -113719.70076969698        539978.35284515691        217.55387786630899     
   6.9639633006670087E-002   7.2871852225333433E-002  -113699.41468181819        541584.57347122882        217.62305920363298     
   6.9441372081610164E-002   7.2885164556184837E-002  -113679.12859393940        543208.15792265953        217.69251760414673     
   6.9243535748501062E-002   7.2898476154639069E-002  -113658.84250606061        544831.74237416196        217.76197600466227     
   6.9046122457140549E-002   7.2911787021627469E-002  -113638.55641818182        546455.32682618801        217.83143440520266     
   6.8849130659047117E-002   7.2925097158074284E-002  -113618.27033030303        548096.56186337431        217.90117445316494     
   6.8652558807414055E-002   7.2938406564896904E-002  -113597.98424242425        549737.79690136272        217.97091450115903     
   6.8456405357060254E-002   7.2951715243005380E-002  -113577.69815454546        551379.03193993797        218.04065454917884     
   6.8260668764389271E-002   7.2965023193302933E-002  -113557.41206666667        553038.21194894041        218.11068095328841     
   6.8065347487336655E-002   7.2978330416685777E-002  -113537.12597878788        554697.39195823937        218.18070735741043     
   6.7870439985319359E-002   7.2991636914043159E-002  -113516.83989090909        556356.57196623564        218.25073376148890     
   6.7675944719191708E-002   7.3004942686257498E-002  -113496.55380303031        558033.99924542801        218.32105135951363     
   6.7481860151189954E-002   7.3018247734204456E-002  -113476.26771515152        559711.42652423866        218.39136895752907     
   6.7288184744889887E-002   7.3031552058752849E-002  -113455.98162727273        561388.85380303685        218.46168655554416     
   6.7094916965148826E-002   7.3044855660764477E-002  -113435.69553939394        563084.83886843710        218.53230031938057     
   6.6902055278055816E-002   7.3058158541094764E-002  -113415.40945151515        564780.82393375889        218.60291408321504     
   6.6709598150883426E-002   7.3071460700592478E-002  -113395.12336363636        566476.80899943260        218.67352784705960     
   6.6517544052028976E-002   7.3084762140099346E-002  -113374.83727575759        568191.67090784514        218.74444288807791     
   6.6325891450970259E-002   7.3098062860450896E-002  -113354.55118787879        569906.53281654092        218.81535792910495     
   6.6134638818198879E-002   7.3111362862476090E-002  -113334.26510000000        571621.39472516743        218.88627297013065     
   6.5943784625182036E-002   7.3124662146997157E-002  -113313.97901212121        573355.46140960325        218.95749454469296     
   6.5753327344291873E-002   7.3137960714829933E-002  -113293.69292424242        575089.52809386980        219.02871611925224     
   6.5563265448759178E-002   7.3151258566783839E-002  -113273.40683636365        576823.59477867524        219.09993769382442     
   6.5373597412616058E-002   7.3164555703661802E-002  -113253.12074848486        578577.20340252097        219.17147120911773     
   6.5184321710636206E-002   7.3177852126260615E-002  -113232.83466060607        580330.81202632270        219.24300472441024     
   6.4995436818274480E-002   7.3191147835370646E-002  -113212.54857272728        582084.42065005528        219.31453823970037     
   6.4806941211616176E-002   7.3204442831775740E-002  -113192.26248484848        583857.91797958070        219.38638925987689     
   6.4618833367312667E-002   7.3217737116253942E-002  -113171.97639696969        585631.41530917934        219.45824028005620     
   6.4431111762521823E-002   7.3231030689576398E-002  -113151.69030909092        587404.91263918439        219.53009130025208     
   6.4243774874844381E-002   7.3244323552508941E-002  -113131.40422121213        589198.65543617285        219.60226555290433     
   6.4056821182266799E-002   7.3257615705810866E-002  -113111.11813333334        590992.39823350147        219.67443980557027     
   6.3870249163098969E-002   7.3270907150234918E-002  -113090.83204545455        592786.14103003882        219.74661405821348     
   6.3684057295904886E-002   7.3284197886528540E-002  -113070.54595757576        594600.49646635982        219.81911744124261     
   6.3498244059443432E-002   7.3297487915432780E-002  -113050.25986969698        596414.85190246522        219.89162082426662     
   6.3312807932606061E-002   7.3310777237682714E-002  -113029.97378181819        598229.20733795874        219.96412420727600     
   6.3127747394339156E-002   7.3324065854007248E-002  -113009.68769393940        600064.55342875782        220.03696279598890     
   6.2943060923589783E-002   7.3337353765130051E-002  -112989.40160606061        601899.89951903827        220.10980138468946     
   6.2758746999229148E-002   7.3350640971768286E-002  -112969.11551818182        603735.24560931593        220.18263997339000     
   6.2574804099989528E-002   7.3363927474633189E-002  -112948.82943030303        605591.97167343844        220.25582002812791     
   6.2391230704390163E-002   7.3377213274430711E-002  -112928.54334242425        607448.69773734058        220.32900008286020     
   6.2208025290667018E-002   7.3390498371860777E-002  -112908.25725454546        609305.42380124249        220.40218013759255     
   6.2025186336701482E-002   7.3403782767617387E-002  -112887.97116666667        611183.93094692170        220.47570811174359     
   6.1842712319948479E-002   7.3417066462389116E-002  -112867.68507878788        613062.43809255445        220.54923608589451     
   6.1660601717358550E-002   7.3430349456858696E-002  -112847.39899090909        614940.94523886335        220.62276406006825     
   6.1478853005305645E-002   7.3443631751703334E-002  -112827.11290303031        616841.64687553514        220.69664660852328     
   6.1297464659508812E-002   7.3456913347594327E-002  -112806.82681515152        618742.34851273801        220.77052915699880     
   6.1116435154958494E-002   7.3470194245197989E-002  -112786.54072727273        620643.05014915369        220.84441170544625     
   6.0935762965828637E-002   7.3483474445174612E-002  -112766.25463939394        622566.37252886780        220.91865569354701     
   6.0755446565405977E-002   7.3496753948179158E-002  -112745.96855151515        624489.69490843872        220.99289968164450     
   6.0575484426002843E-002   7.3510032754860885E-002  -112725.68246363636        626413.01728815318        221.06714366974748     
   6.0395875018879663E-002   7.3523310865864056E-002  -112705.39637575758        628359.40007577860        221.14175618266628     
   6.0216616814150165E-002   7.3536588281827325E-002  -112685.11028787879        630305.78286372428        221.21636869559734     
   6.0037708280710943E-002   7.3549865003383702E-002  -112664.82420000000        632252.16565077344        221.29098120850514     
   5.9859147886141460E-002   7.3563141031161308E-002  -112644.53811212121        634222.06253354310        221.36596956137890     
   5.9680934096620272E-002   7.3576416365782646E-002  -112624.25202424242        636191.95941558329        221.44095791423564     
   5.9503065376838513E-002   7.3589691007865068E-002  -112603.96593636365        638161.85629796097        221.51594626710019     
   5.9325540189902257E-002   7.3602964958020614E-002  -112583.67984848486        640155.73562180228        221.59131801548261     
   5.9148356997245521E-002   7.3616238216856256E-002  -112563.39376060606        642149.61494533985        221.66668976385557     
   5.8971514258528313E-002   7.3629510784973609E-002  -112543.10767272727        644143.49426923343        221.74206151223839     
   5.8795010431550575E-002   7.3642782662969267E-002  -112522.82158484848        646161.83972306643        221.81782446345551     
   5.8618843972140962E-002   7.3656053851434630E-002  -112502.53549696969        648180.18517696112        221.89358741467441     
   5.8443013334071182E-002   7.3669324350955967E-002  -112482.24940909092        650198.53063198028        221.96935036593064     
   5.8267516968944423E-002   7.3682594162114826E-002  -112461.96332121213        652241.84196672542        222.04551259095456     
   5.8092353326096587E-002   7.3695863285487426E-002  -112441.67723333334        654285.15330156055        222.12167481598181     
   5.7917520852488601E-002   7.3709131721644658E-002  -112421.39114545455        656328.46463647392        222.19783704101266     
   5.7743017992601696E-002   7.3722399471153388E-002  -112401.10505757575        658397.25843128888        222.27440688715535     
   5.7568843188325704E-002   7.3735666534574681E-002  -112380.81896969698        660466.05222604529        222.35097673329665     
   5.7394994878848436E-002   7.3748932912464996E-002  -112360.53288181819        662534.84602122440        222.42754657945224     
   5.7221471500550694E-002   7.3762198605376098E-002  -112340.24679393940        664629.65649462724        222.50453268373900     
   5.7048271486872304E-002   7.3775463613854647E-002  -112319.96070606061        666724.46696884243        222.58151878805432     
   5.6875393268215453E-002   7.3788727938442725E-002  -112299.67461818182        668819.27744228649        222.65850489234211     
   5.6702835271807021E-002   7.3801991579677317E-002  -112279.38853030303        670940.65731955937        222.73591619592185     
   5.6530595921594706E-002   7.3815254538090971E-002  -112259.10244242425        673062.03719680710        222.81332749950195     
   5.6358673638099190E-002   7.3828516814211459E-002  -112238.81635454546        675183.41707419138        222.89073880308524     
   5.6187066838314564E-002   7.3841778408561584E-002  -112218.53026666667        677331.93850532710        222.96858456638779     
   5.6015773935552189E-002   7.3855039321659807E-002  -112198.24417878788        679480.45993563696        223.04643032966302     
   5.5844793339325877E-002   7.3868299554019939E-002  -112177.95809090909        681628.98136633914        223.12427609295148     
   5.5674123455216634E-002   7.3881559106150657E-002  -112157.67200303031        683805.23690595652        223.20256591191162     
   5.5503762684721437E-002   7.3894817978556848E-002  -112137.38591515152        685981.49244490452        223.28085573085107     
   5.5333709425132792E-002   7.3908076171738293E-002  -112117.09982727273        688157.74798550294        223.35914554984745     
   5.5163962069377674E-002   7.3921333686190471E-002  -112096.81373939394        690362.35163723165        223.43788937320301     
   5.4994519005878796E-002   7.3934590522404198E-002  -112076.52765151515        692566.95528951194        223.51663319657823     
   5.4825378618410713E-002   7.3947846680866167E-002  -112056.24156363636        694771.55894149642        223.59537701994753     
   5.4656539285937798E-002   7.3961102162058062E-002  -112035.95547575758        697005.14727704483        223.67458516784734     
   5.4487999382463369E-002   7.3974356966457669E-002  -112015.66938787879        699238.73561249452        223.75379331574547     
   5.4319757276870051E-002   7.3987611094538150E-002  -111995.38330000000        701472.32394751022        223.83300146363268     
   5.4151811332760050E-002   7.4000864546768561E-002  -111975.09721212121        703735.55728997232        223.91268464713045     
   5.3984159908289225E-002   7.4014117323613043E-002  -111954.81112424242        705998.79063294921        223.99236783063998     
   5.3816801355987168E-002   7.4027369425531925E-002  -111934.52503636364        708262.02397713391        224.07205101419282     
   5.3649734022602036E-002   7.4040620852981229E-002  -111914.23894848485        710555.58767878090        224.15222035648779     
   5.3482956248909280E-002   7.4053871606412539E-002  -111893.95286060606        712849.15138217004        224.23238969884341     
   5.3316466369532571E-002   7.4067121686273191E-002  -111873.66677272727        715142.71508385066        224.31255904114801     
   5.3150262712769937E-002   7.4080371093006567E-002  -111853.38068484848        717467.32089087216        224.39322610027949     
   5.2984343600390067E-002   7.4093619827051704E-002  -111833.09459696969        719791.92669698119        224.47389315939034     
   5.2818707347444448E-002   7.4106867888843547E-002  -111812.80850909092        722116.53250342887        224.55456021850878     
   5.2653352262075036E-002   7.4120115278812806E-002  -111792.52242121212        724472.92000784236        224.63573701129869     
   5.2488276645302159E-002   7.4133361997386127E-002  -111772.23633333333        726829.30751241581        224.71691380409214     
   5.2323478790824940E-002   7.4146608044986212E-002  -111751.95024545454        729185.69501671847        224.79809059687952     
   5.2158956984805452E-002   7.4159853422031491E-002  -111731.66415757575        731574.63322913402        224.87978962513290     
   5.1994709505652090E-002   7.4173098128936577E-002  -111711.37806969698        733963.57144085062        224.96148865336838     
   5.1830734623798357E-002   7.4186342166112043E-002  -111691.09198181819        736352.50965315301        225.04318768162301     
   5.1667030601473277E-002   7.4199585533964427E-002  -111670.80589393940        738774.79867926205        225.12542195990105     
   5.1503595692469165E-002   7.4212828232896308E-002  -111650.51980606061        741197.08770620043        225.20765623820438     
   5.1340428141911865E-002   7.4226070263306368E-002  -111630.23371818181        743619.37673364172        225.28989051652596     
   5.1177526185995692E-002   7.4239311625589485E-002  -111609.94763030302        746075.84958575910        225.37267360226113     
   5.1014888051752277E-002   7.4252552320136472E-002  -111589.66154242425        748532.32243938162        225.45545668804442     
   5.0852511956787090E-002   7.4265792347334394E-002  -111569.37545454546        750988.79529238946        225.53823977380833     
   5.0690396109012215E-002   7.4279031707566570E-002  -111549.08936666667        753480.31983323384        225.62158579958609     
   5.0528538706383373E-002   7.4292270401212473E-002  -111528.80327878788        755971.84437462536        225.70493182537777     
   5.0366937936620428E-002   7.4305508428647457E-002  -111508.51719090909        758463.36891560582        225.78827785116033     
   5.0205591976923161E-002   7.4318745790243695E-002  -111488.23110303031        760990.84995228390        225.87220155945619     
   5.0044498993680957E-002   7.4331982486369283E-002  -111467.94501515152        763518.33098961366        225.95612526776856     
   4.9883657142172910E-002   7.4345218517388650E-002  -111447.65892727273        766045.81202571327        226.04004897604977     
   4.9723064566264873E-002   7.4358453883662648E-002  -111427.37283939394        768610.19357396313        226.12456575689953     
   4.9562719398095624E-002   7.4371688585548226E-002  -111407.08675151515        771174.57512159937        226.20908253773572     
   4.9402619757748852E-002   7.4384922623398894E-002  -111386.80066363636        773738.95666955132        226.29359931857886     
   4.9242763752925973E-002   7.4398155997564636E-002  -111366.51457575758        776341.22439605650        226.37872525016712     
   4.9083149478606918E-002   7.4411388708391507E-002  -111346.22848787879        778943.49212268787        226.46385118176033     
   4.8923775016702191E-002   7.4424620756222387E-002  -111325.94240000000        781545.75985095650        226.54897711340715     
   4.8764638435689865E-002   7.4437852141396268E-002  -111305.65631212121        784186.94371732173        226.63472900601164     
   4.8605737790247176E-002   7.4451082864248702E-002  -111285.37022424242        786828.12758593401        226.72048089868744     
   4.8447071120881875E-002   7.4464312925111881E-002  -111265.08413636364        789469.31145543547        226.80623279139249     
   4.8288636453528239E-002   7.4477542324314527E-002  -111244.79804848485        792150.48859052360        226.89262823528867     
   4.8130431799161377E-002   7.4490771062181660E-002  -111224.51196060606        794831.66572560091        226.97902367918499     
   4.7972455153377933E-002   7.4503999139034882E-002  -111204.22587272727        797512.84286111116        227.06541912309552     
   4.7814704495974296E-002   7.4517226555192759E-002  -111183.93978484848        800235.14065896173        227.15247653994237     
   4.7657177790512269E-002   7.4530453310969996E-002  -111163.65369696969        802957.43845684850        227.23953395679143     
   4.7499872983878554E-002   7.4543679406678234E-002  -111143.36760909091        805679.73625439918        227.32659137362984     
   4.7342788005814852E-002   7.4556904842625615E-002  -111123.08152121212        808444.33575758222        227.41433007287026     
   4.7185920768448734E-002   7.4570129619116909E-002  -111102.79543333333        811208.93526077969        227.50206877211107     
   4.7029269165807706E-002   7.4583353736453889E-002  -111082.50934545454        813973.53476527694        227.58980747139279     
   4.6872831073317488E-002   7.4596577194934538E-002  -111062.22325757575        816781.67434178048        227.67824771146979     
   4.6716604347281726E-002   7.4609799994854051E-002  -111041.93716969698        819589.81392042106        227.76668795161396     
   4.6560586824355155E-002   7.4623022136503958E-002  -111021.65108181819        822397.95349828806        227.85512819173388     
   4.6404776320989966E-002   7.4636243620172890E-002  -111001.36499393939        825250.93285559979        227.94429124703265     
   4.6249170632874363E-002   7.4649464446146035E-002  -110981.07890606060        828103.91221395566        228.03345430236396     
   4.6093767534352618E-002   7.4662684614705752E-002  -110960.79281818181        830956.89157353435        228.12261735773316     
   4.5938564777822946E-002   7.4675904126130746E-002  -110940.50673030302        833856.07613020064        228.21252559132077     
   4.5783560093115516E-002   7.4689122980696951E-002  -110920.22064242425        836755.26068753772        228.30243382492924     
   4.5628751186858905E-002   7.4702341178676912E-002  -110899.93455454546        839654.44524482917        228.39234205853947     
   4.5474135741821999E-002   7.4715558720340400E-002  -110879.64846666667        842601.27092722990        228.48301900221128     
   4.5319711416234504E-002   7.4728775605953826E-002  -110859.36237878788        845548.09660948045        228.57369594588167     
   4.5165475843084141E-002   7.4741991835780563E-002  -110839.07629090908        848494.92229147418        228.66437288954415     
   4.5011426629396653E-002   7.4755207410081001E-002  -110818.79020303031        851490.90077846067        228.75584333120216     
   4.4857561355486172E-002   7.4768422329112516E-002  -110798.50411515152        854486.87926703785        228.84731377290524     
   4.4703877574188103E-002   7.4781636593129336E-002  -110778.21802727273        857482.85775127925        228.93878421450120     
   4.4550372810058789E-002   7.4794850202383273E-002  -110757.93193939394        860529.58225167263        229.03107429463412     
   4.4397044558557475E-002   7.4808063157122087E-002  -110737.64585151515        863576.30675049603        229.12336437473343     
   4.4243890285188194E-002   7.4821275457591624E-002  -110717.35976363636        866623.03124752780        229.21565445479450     
   4.4090907424627478E-002   7.4834487104034231E-002  -110697.07367575758        869722.18283407774        229.30879177208004     
   4.3938093379815142E-002   7.4847698096689716E-002  -110676.78758787879        872821.33441949612        229.40192908934151     
   4.3785445521010838E-002   7.4860908435794543E-002  -110656.50150000000        875920.48600641359        229.49506640664202     
   4.3632961184822169E-002   7.4874118121582706E-002  -110636.21541212121        879073.84062301833        229.58908013496955     
   4.3480637673201504E-002   7.4887327154285130E-002  -110615.92932424242        882227.19524052064        229.68309386332376     
   4.3328472252401135E-002   7.4900535534130008E-002  -110595.64323636364        885380.54985787882        229.77710759167368     
   4.3176462151899166E-002   7.4913743261342564E-002  -110575.35714848485        888589.98605757719        229.87202860940477     
   4.3024604563276510E-002   7.4926950336145479E-002  -110555.07106060606        891799.42225597543        229.96694962709739     
   4.2872896639068118E-002   7.4940156758758369E-002  -110534.78497272727        895008.85845500650        230.06187064480869     
   4.2721335491557287E-002   7.4953362529398285E-002  -110514.49888484848        898276.36595490831        230.15773167753713     
   4.2569918191533003E-002   7.4966567648279553E-002  -110494.21279696969        901543.87345601269        230.25359271030109     
   4.2418641767014841E-002   7.4979772115613560E-002  -110473.92670909091        904811.38095972629        230.34945374314054     
   4.2267503201894388E-002   7.4992975931609182E-002  -110453.64062121212        908139.07016995363        230.44628952310649     
   4.2116499434577639E-002   7.5006179096472461E-002  -110433.35453333333        911466.75938042742        230.54312530307965     
   4.1965627356517925E-002   7.5019381610406805E-002  -110413.06844545454        914794.44859069400        230.63996108304701     
   4.1814883810750443E-002   7.5032583473613135E-002  -110392.78235757575        918184.56119424547        230.73780852585142     
   4.1664265590321034E-002   7.5045784686289557E-002  -110372.49626969697        921574.67379759240        230.83565596865131     
   4.1513769436687963E-002   7.5058985248631568E-002  -110352.21018181818        924964.78639997717        230.93350341143244     
   4.1363392038048140E-002   7.5072185160832042E-002  -110331.92409393939        928419.70717589138        231.03240181376268     
   4.1213130027597085E-002   7.5085384423081436E-002  -110311.63800606060        931874.62794967217        231.13130021604817     
   4.1062979981718949E-002   7.5098583035567393E-002  -110291.35191818181        935329.54872746032        231.23019861843181     
   4.0912938418117585E-002   7.5111780998475222E-002  -110271.06583030302        938851.81877501379        231.33018987923680     
   4.0763001793847252E-002   7.5124978311987403E-002  -110250.77974242425        942374.08881996444        231.43018113997269     
   4.0613166503285066E-002   7.5138174976284236E-002  -110230.49365454545        945896.35886790627        231.53017240078560     
   4.0463428876015020E-002   7.5151370991543384E-002  -110210.20756666666        949488.69046187506        231.63130126985024     
   4.0313785174612038E-002   7.5164566357940096E-002  -110189.92147878787        953081.02205441229        231.73243013887736     
   4.0164231592353078E-002   7.5177761075646804E-002  -110169.63539090908        956673.35365169449        231.83355900803423     
   4.0014764250814475E-002   7.5190955144833885E-002  -110149.34930303031        960338.64694808424        231.93587336547961     
   3.9865379197375726E-002   7.5204148565669274E-002  -110129.06321515152        964003.94024745573        232.03818772300818     
   3.9716072402611435E-002   7.5217341338318075E-002  -110108.77712727273        967669.23354559834        232.14050208050972     
   3.9566839757575072E-002   7.5230533462943547E-002  -110088.49103939394        971410.59548154264        232.24405325337835     
   3.9417677070959480E-002   7.5243724939705978E-002  -110068.20495151514        975151.95741641056        232.34760442622473     
   3.9268580066131722E-002   7.5256915768763741E-002  -110047.91886363635        978893.31934618321        232.45115559896624     
   3.9119544378035567E-002   7.5270105950272920E-002  -110027.63277575758        982714.08501617005        232.55599871893091     
   3.8970565549956773E-002   7.5283295484386739E-002  -110007.34668787879        986534.85068342497        232.66084183883942     
   3.8821639030133519E-002   7.5296484371256231E-002  -109987.06060000000        990355.61635700741        232.76568495889941     
   3.8672760168225608E-002   7.5309672611030651E-002  -109966.77451212121        994259.37335956586        232.87187937019115     
   3.8523924211600190E-002   7.5322860203856437E-002  -109946.48842424242        998163.13036180683        232.97807378147436     
   3.8375126301449264E-002   7.5336047149877849E-002  -109926.20233636364        1002066.8873645448        233.08426819277105     
   3.8226361468742455E-002   7.5349233449237024E-002  -109905.91624848485        1006057.5036010201        233.19187791793951     
   3.8077624629941569E-002   7.5362419102073572E-002  -109885.63016060606        1010048.1198389793        233.29948764314804     
   3.7928910582562696E-002   7.5375604108525368E-002  -109865.34407272727        1014038.7360689925        233.40709736819494     
   3.7780214000470637E-002   7.5388788468727458E-002  -109845.05798484848        1018120.3916004379        233.51619164201622     
   3.7631529428967261E-002   7.5401972182813040E-002  -109824.77189696969        1022202.0471260067        233.62528591571771     
   3.7482851279632488E-002   7.5415155250913288E-002  -109804.48580909091        1026283.7026493360        233.73438018937378     
   3.7334173824892937E-002   7.5428337673156542E-002  -109784.19972121212        1030460.9263515135        233.84503407315512     
   3.7185491192319564E-002   7.5441519449669772E-002  -109763.91363333333        1034638.1500505810        233.95568795687333     
   3.7036797358631308E-002   7.5454700580577322E-002  -109743.62754545454        1038815.3737505702        234.06634184061019     
   3.6888086143372724E-002   7.5467881066001732E-002  -109723.34145757575        1043093.0857550356        234.17863693392059     
   3.6739351202281494E-002   7.5481060906063019E-002  -109703.05536969697        1047370.7977567989        234.29093202717644     
   3.6590586020263674E-002   7.5494240100879281E-002  -109682.76928181818        1051648.5097680690        234.40322712064147     
   3.6441783904023910E-002   7.5507418650566649E-002  -109662.48319393939        1056032.0707538789        234.51725238791829     
   3.6292937974262467E-002   7.5520596555239072E-002  -109642.19710606060        1060415.6317510435        234.63127765544121     
   3.6144041157464772E-002   7.5533773815008559E-002  -109621.91101818181        1064799.1927520756        234.74530292307847     
   3.5995086177197301E-002   7.5546950429984924E-002  -109601.62493030302        1069294.4615623658        234.86115566024392     
   3.5846065544936773E-002   7.5560126400275887E-002  -109581.33884242424        1073789.7303761202        234.97700839749882     
   3.5696971550355984E-002   7.5573301725987252E-002  -109561.05275454545        1078284.9991891615        235.09286113473556     
   3.5547796251037628E-002   7.5586476407223144E-002  -109540.76666666666        1082898.4004687543        235.21064810393975     
   3.5398531461598486E-002   7.5599650444085106E-002  -109520.48057878787        1087511.8017506558        235.32843507319825     
   3.5249168742132318E-002   7.5612823836673143E-002  -109500.19449090908        1092125.2030236607        235.44622204227088     
   3.5099699385982321E-002   7.5625996585085065E-002  -109479.90840303031        1096863.8072109902        235.56606081433139     
   3.4950114406731105E-002   7.5639168689416822E-002  -109459.62231515152        1101602.4113900061        235.68589958622633     
   3.4800404524406491E-002   7.5652340149762465E-002  -109439.33622727272        1106341.0155639520        235.80573835802076     
   3.4650560150786720E-002   7.5665510966214197E-002  -109419.05013939393        1111212.6340197646        235.92775890925148     
   3.4500571373782041E-002   7.5678681138862017E-002  -109398.76405151514        1116084.2524620285        236.04977946021336     
   3.4350427940795250E-002   7.5691850667794380E-002  -109378.47796363637        1120955.8709163114        236.17180001141318     
   3.4200119240982908E-002   7.5705019553097580E-002  -109358.19187575758        1125969.1698854209        236.29614663694505     
   3.4049634286317937E-002   7.5718187794856243E-002  -109337.90578787879        1130982.4688530748        236.42049326244734     
   3.3898961691384302E-002   7.5731355393153024E-002  -109317.61970000000        1135995.7678013621        236.54483988752955     
   3.3748089651760453E-002   7.5744522348068805E-002  -109297.33361212121        1141160.4059955874        236.67167351169900     
   3.3597005920894381E-002   7.5757688659682743E-002  -109277.04752424241        1146325.0441930301        236.79850713593152     
   3.3445697785334613E-002   7.5770854328071763E-002  -109256.76143636364        1151489.6823608465        236.92534075958224     
   3.3294152038164562E-002   7.5784019353311513E-002  -109236.47534848485        1156816.4783786070        237.05484174798838     
   3.3142354950490033E-002   7.5797183735475435E-002  -109216.18926060606        1162143.2743793847        237.18434273606118     
   3.2990292240796450E-002   7.5810347474635428E-002  -109195.90317272727        1167470.0703705216        237.31384372394544     
   3.2837949041982513E-002   7.5823510570861744E-002  -109175.61708484848        1172971.2082427419        237.44621533628205     
   3.2685309865838501E-002   7.5836673024222492E-002  -109155.33099696969        1178472.3460961787        237.57858694825163     
   3.2532358564746004E-002   7.5849834834784288E-002  -109135.04490909091        1183973.4839558022        237.71095856034177     
   3.2379078290319954E-002   7.5862996002611982E-002  -109114.75882121212        1189662.7681760429        237.84643123569154     
   3.2225451448675925E-002   7.5876156527768787E-002  -109094.47273333333        1195352.0524062463        237.98190391123484     
   3.2071459652002011E-002   7.5889316410316321E-002  -109074.18664545454        1201041.3366680550        238.11737658755098     
   3.1917083666037259E-002   7.5902475650313939E-002  -109053.90055757575        1206934.5119168626        238.25621331752166     
   3.1762303353054466E-002   7.5915634247819844E-002  -109033.61446969697        1212827.6872040920        238.39505004839805     
   3.1607097609829334E-002   7.5928792202890547E-002  -109013.32838181818        1218720.8625131503        238.53388677978288     
   3.1451444300084667E-002   7.5941949515580767E-002  -108993.04229393939        1224836.0194211171        238.67638992947533     
   3.1295320180774501E-002   7.5955106185943533E-002  -108972.75620606060        1230951.1763494378        238.81889307964505     
   3.1138700821518719E-002   7.5968262214030455E-002  -108952.47011818181        1237066.3332288607        238.96139622890061     
   3.0981560516401673E-002   7.5981417599891146E-002  -108932.18403030303        1243424.4302554803        239.10791631073786     
   3.0823872187204331E-002   7.5994572343574193E-002  -108911.89794242424        1249782.5272294043        239.25443639156276     
   3.0665607277078673E-002   7.6007726445125878E-002  -108891.61185454545        1256140.6242641795        239.40095647367767     
   3.0506735633452568E-002   7.6020879904591526E-002  -108871.32576666666        1262766.1688356828        239.55190360028254     
   3.0347225378799719E-002   7.6034032722014547E-002  -108851.03967878787        1269391.7134069866        239.70285072688449     
   3.0187042767745063E-002   7.6047184897436920E-002  -108830.75359090908        1276017.2580466957        239.85379785503321     
   3.0026152028661043E-002   7.6060336430898837E-002  -108810.46750303030        1282939.2118298870        240.00965696612002     
   2.9864515187655372E-002   7.6073487322439445E-002  -108790.18141515151        1289861.1656696396        240.16551607851488     
   2.9702091872537348E-002   7.6086637572095772E-002  -108769.89532727272        1296783.1194689744        240.32137519015998     
   2.9538839093860007E-002   7.6099787179903844E-002  -108749.60923939393        1304036.1237098440        240.48272666631073     
   2.9374710999721165E-002   7.6112936145897647E-002  -108729.32315151514        1311289.1278854818        240.64407814122561     
   2.9209658600374364E-002   7.6126084470110503E-002  -108709.03706363635        1318542.1321435757        240.80542961786063     
   2.9043629457963939E-002   7.6139232152573053E-002  -108688.75097575758        1326168.2032275356        240.97297780665301     
   2.8876567335871843E-002   7.6152379193315620E-002  -108668.46488787878        1333794.2744080203        241.14052599742945     
   2.8708411801046753E-002   7.6165525592366501E-002  -108648.17879999999        1341420.3456203446        241.30807418886786     
   2.8539097771408596E-002   7.6178671349752453E-002  -108627.89271212120        1349471.2853172701        241.48268797073683     
   2.8368554998742513E-002   7.6191816465499093E-002  -108607.60662424241        1357522.2250034581        241.65730175237320     
   2.8196707475552168E-002   7.6204960939630487E-002  -108587.32053636364        1365573.1647056160        241.83191553435418     
   2.8023472751709563E-002   7.6218104772169351E-002  -108567.03444848485        1374114.0865992082        242.01468767839205     
   2.7848761143595399E-002   7.6231247963136711E-002  -108546.74836060606        1382655.0084685399        242.19745982205825     
   2.7672474814381797E-002   7.6244390512552621E-002  -108526.46227272727        1391195.9310568657        242.38023198064747     
   2.7494506698785146E-002   7.6257532420435287E-002  -108506.17618484847        1400310.6142014652        242.57256927955555     
   2.7314739239011586E-002   7.6270673686801793E-002  -108485.89009696970        1409425.2977428338        242.76490658687857     
   2.7133042889757951E-002   7.6283814311668210E-002  -108465.60400909091        1418539.9813732288        242.95724389606360     
   2.6949274338567777E-002   7.6296954295048486E-002  -108445.31792121212        1428339.3601324724        243.16101013717514     
   2.6763274372479950E-002   7.6310093636955748E-002  -108425.03183333333        1438138.7391078887        243.36477638280132     
   2.6574865301192071E-002   7.6323232337401722E-002  -108404.74574545454        1447938.1185289959        243.56854263760235     
   2.6383847818695516E-002   7.6336370396396583E-002  -108384.45965757575        1458574.4924600851        243.78629793596897     
   2.6189997146412881E-002   7.6349507813949474E-002  -108364.17356969697        1469210.8666383498        244.00405323943298     
   2.5993058246179552E-002   7.6362644590068210E-002  -108343.88748181818        1479847.2419554763        244.22180856599189     
   2.5792739813652172E-002   7.6375780724759049E-002  -108323.60139393939        1491539.7808973412        244.45723905279351     
   2.5588706649904373E-002   7.6388916218027167E-002  -108303.31530606060        1503232.3202507342        244.69266954795413     
   2.5380569842215445E-002   7.6402051069876437E-002  -108283.02921818181        1514924.8597201919        244.92810004544515     
   2.5167873933076776E-002   7.6415185280309411E-002  -108262.74313030302        1528009.7972833125        245.18686366600338     
   2.4950079866375808E-002   7.6428318849327340E-002  -108242.45704242424        1541094.7351350479        245.44562729284743     
   2.4726541878550650E-002   7.6441451776930569E-002  -108222.17095454545        1554179.6735191566        245.70439092950133     
   2.4496475482392380E-002   7.6454584063117642E-002  -108201.88486666666        1569222.7604669123        245.99601280435007     
   2.4258911953648370E-002   7.6467715707886408E-002  -108181.59877878787        1584265.8486056314        246.28763470228955     
   2.4012631644065016E-002   7.6480846711233272E-002  -108161.31269090908        1599308.9385687623        246.57925663474379     
   2.3756062683874188E-002   7.6493977073153224E-002  -108141.02660303030        1617412.7706386317        246.92231018170637     
   2.3487120226539187E-002   7.6507106793640242E-002  -108120.74051515151        1635516.6019531805        247.26536371469018     
   2.3202937088674720E-002   7.6520235872687525E-002  -108100.45442727272        1653620.4298730202        247.60841718829494     
   2.2899379949254714E-002   7.6533364310286151E-002  -108080.16833939393        1677630.1189319596        248.05085542344938     
   2.2570096379244575E-002   7.6546492106427028E-002  -108059.88225151514        1701639.7905395466        248.49329335191419     
   2.2204377949962602E-002   7.6559619261099179E-002  -108039.59616363636        1725649.6789772534        248.93573519486583     
   2.1781314766457175E-002   7.6572745774290796E-002  -108019.31007575757        1905180.5100000000        252.07570000000001     
   2.1246841312103058E-002   7.6585871645988957E-002  -107999.02398787878        1845336.6687114802        251.02904105365127     
   2.0030455970000000E-002   7.6598996876179257E-002  -107978.73789999999        1905180.5136017813        252.07573495828660     
