   7.6598996876179257E-002   1.5020840710418754E-003  -107978.73789999999     
   7.8006847824157247E-002   1.5102716913340173E-003  -105796.99130774410     
   7.9407197632363091E-002   1.5185095979833691E-003  -103615.24471548821     
   8.0799915988224502E-002   1.5267973206789635E-003  -101433.49812323232     
   8.2184862950742885E-002   1.5351343777353385E-003  -99251.751530976428     
   8.3561914841725746E-002   1.5435202763724749E-003  -97070.004938720536     
   8.4930975967384331E-002   1.5519545129509382E-003  -94888.258346464645     
   8.6291982749033158E-002   1.5604365731665417E-003  -92706.511754208739     
   8.7644903439326807E-002   1.5689659322095219E-003  -90524.765161952848     
   8.8989735321744728E-002   1.5775420548937713E-003  -88343.018569696957     
   9.0326500883398136E-002   1.5861643957620017E-003  -86161.271977441065     
   9.1655243967141350E-002   1.5948323991729929E-003  -83979.525385185174     
   9.2976026328553132E-002   1.6035454993771174E-003  -81797.778792929283     
   9.4288924641235367E-002   1.6123031205863374E-003  -79616.032200673391     
   9.5594027861765685E-002   1.6211046770446701E-003  -77434.285608417500     
   9.6891434855310515E-002   1.6299495731049002E-003  -75252.539016161609     
   9.8181252212294276E-002   1.6388372033169427E-003  -73070.792423905717     
   9.9463592254603189E-002   1.6477669525328466E-003  -70889.045831649826     
  0.10073857132470626        1.6567381960329332E-003  -68707.299239393935     
  0.10200630850246914        1.6657502996770301E-003  -66525.552647138044     
  0.10326692482895392        1.6748026200841750E-003  -64343.806054882152     
  0.10452054294633981        1.6838945048435702E-003  -62162.059462626254     
  0.10576728690020304        1.6930252927589197E-003  -59980.312870370362     
  0.10700728181840365        1.7021943141276856E-003  -57798.566278114471     
  0.10824065330915036        1.7114008910561660E-003  -55616.819685858580     
  0.10946752662262622        1.7206443378106817E-003  -53435.073093602688     
  0.11068802576816755        1.7299239612046078E-003  -51253.326501346797     
  0.11190227279916611        1.7392390610204088E-003  -49071.579909090906     
  0.11311038738832296        1.7485889304653536E-003  -46889.833316835007     
  0.11431248669080479        1.7579728566591132E-003  -44708.086724579116     
  0.11550868540277284        1.7673901211510564E-003  -42526.340132323225     
  0.11669909589688357        1.7768400004646574E-003  -40344.593540067333     
  0.11788382834270168        1.7863217666662067E-003  -38162.846947811442     
  0.11906299076767345        1.7958346879546972E-003  -35981.100355555551     
  0.12023668905633145        1.8053780292696393E-003  -33799.353763299659     
  0.12140502690896891        1.8149510529133943E-003  -31617.607171043768     
  0.12256810578645982        1.8245530191845730E-003  -29435.860578787877     
  0.12372602486212991        1.8341831870190028E-003  -27254.113986531986     
  0.12487888099206902        1.8438408146348177E-003  -25072.367394276094     
  0.12602676870694099        1.8535251601782805E-003  -22890.620802020203     
  0.12716978022310649        1.8632354823670764E-003  -20708.874209764312     
  0.12830800546865878        1.8729710411279406E-003  -18527.127617508406     
  0.12944153211978257        1.8827310982256790E-003  -16345.381025252515     
  0.13057044564367051        1.8925149178808079E-003  -14163.634432996623     
  0.13169482934531526        1.9023217673733057E-003  -11981.887840740732     
  0.13281476441645099        1.9121509176301280E-003  -9800.1412484848406     
  0.13393032998560986        1.9220016437944320E-003  -7618.3946562289493     
  0.13504160316869757        1.9318732257746817E-003  -5436.6480639730580     
  0.13614865911973620        1.9417649487720463E-003  -3254.9014717171667     
  0.13725157108154756        1.9516761037847192E-003  -1073.1548794612754     
  0.13835041043621205        1.9616059880880848E-003   1108.5917127946159     
  0.13944524675515699        1.9715539056898196E-003   3290.3383050505072     
  0.14053614784874971        1.9815191677592628E-003   5472.0848973063985     
  0.14162317981527545        1.9915010930306098E-003   7653.8314895622898     
  0.14270640708919732        2.0014990081796253E-003   9835.5780818181811     
  0.14378589248860477        2.0115122481738053E-003   12017.324674074072     
  0.14486169726177059        2.0215401565960465E-003   14199.071266329978     
  0.14593388113275446        2.0315820859420422E-003   16380.817858585870     
  0.14700250234599771        2.0416373978917272E-003   18562.564450841761     
  0.14806761770987095        2.0517054635552723E-003   20744.311043097652     
  0.14912928263914463        2.0617856636941704E-003   22926.057635353543     
  0.15018755119636218        2.0718773889180659E-003   25107.804227609435     
  0.15124247613210517        2.0819800398580749E-003   27289.550819865326     
  0.15229410892414294        2.0920930273173712E-003   29471.297412121217     
  0.15334249981547182        2.1022157723998990E-003   31653.044004377109     
  0.15438769785124670        2.1123477066180688E-003   33834.790596633000     
  0.15542975091461669        2.1224882719803845E-003   36016.537188888891     
  0.15646870576147989        2.1326369210598914E-003   38198.283781144783     
  0.15750460805417241        2.1427931170444389E-003   40380.030373400674     
  0.15853750239411171        2.1529563337696631E-003   42561.776965656565     
  0.15956743235341539        2.1631260557356696E-003   44743.523557912456     
  0.16059444050551769        2.1733017781083294E-003   46925.270150168348     
  0.16161856845480763        2.1834830067061577E-003   49107.016742424239     
  0.16263985686531324        2.1936692579736200E-003   51288.763334680130     
  0.16365834548845706        2.2038600589418299E-003   53470.509926936022     
  0.16467407318990804        2.2140549471774554E-003   55652.256519191913     
  0.16568707797555618        2.2242534707206853E-003   57834.003111447804     
  0.16669739701663530        2.2344551880130784E-003   60015.749703703696     
  0.16770506667401958        2.2446596678160663E-003   62197.496295959587     
  0.16871012252171910        2.2548664891208735E-003   64379.242888215478     
  0.16971259936959970        2.2650752410505555E-003   66560.989480471369     
  0.17071253128535274        2.2752855227548691E-003   68742.736072727290     
  0.17170995161573685        2.2854969432986021E-003   70924.482664983181     
  0.17270489300711853        2.2957091215440161E-003   73106.229257239072     
  0.17369738742533261        2.3059216860279656E-003   75287.975849494964     
  0.17468746617488601        2.3161342748342817E-003   77469.722441750855     
  0.17567515991752802        2.3263465354619261E-003   79651.469034006746     
  0.17666049869020692        2.3365581246894266E-003   81833.215626262638     
  0.17764351192243569        2.3467687084360741E-003   84014.962218518529     
  0.17862422845308634        2.3569779616203017E-003   86196.708810774420     
  0.17960267654663234        2.3671855680156791E-003   88378.455403030312     
  0.18057888390885993        2.3773912201049043E-003   90560.201995286203     
  0.18155287770206488        2.3875946189321623E-003   92741.948587542094     
  0.18252468455975410        2.3977954739541748E-003   94923.695179797985     
  0.18349433060086920        2.4079935028902761E-003   97105.441772053877     
  0.18446184144354888        2.4181884315717995E-003   99287.188364309768     
  0.18542724221844559        2.4283799937910465E-003   101468.93495656566     
  0.18639055758161394        2.4385679311500971E-003   103650.68154882155     
  0.18735181172698429        2.4487519929096944E-003   105832.42814107744     
  0.18831102839843702        2.4589319358384164E-003   108014.17473333333     
  0.18926823090149161        2.4691075240623312E-003   110195.92132558922     
  0.19022344211462380        2.4792785289153405E-003   112377.66791784512     
  0.19117668450022426        2.4894447287903492E-003   114559.41451010101     
  0.19212798011521132        2.4996059089914292E-003   116741.16110235690     
  0.19307735062131018        2.5097618615871303E-003   118922.90769461279     
  0.19402481729500942        2.5199123852650421E-003   121104.65428686868     
  0.19497040103720809        2.5300572851877398E-003   123286.40087912457     
  0.19591412238256192        2.5401963728502153E-003   125468.14747138046     
  0.19685600150854102        2.5503294659388808E-003   127649.89406363635     
  0.19779605824420857        2.5604563881922405E-003   129831.64065589225     
  0.19873431207872952        2.5705769692632996E-003   132013.38724814815     
  0.19967078216961964        2.5806910445837772E-003   134195.13384040404     
  0.20060548735074488        2.5907984552301835E-003   136376.88043265993     
  0.20153844614007604        2.6008990477918111E-003   138558.62702491583     
  0.20246967674721245        2.6109926742406983E-003   140740.37361717172     
  0.20339919708067761        2.6210791918035714E-003   142922.12020942761     
  0.20432702475499900        2.6311584628358324E-003   145103.86680168350     
  0.20525317709757510        2.6412303546976003E-003   147285.61339393939     
  0.20617767115534164        2.6512947396318295E-003   149467.35998619528     
  0.20710052370123971        2.6613514946445260E-003   151649.10657845117     
  0.20802175124049510        2.6714005013870668E-003   153830.85317070707     
  0.20894137001671417        2.6814416460406369E-003   156012.59976296296     
  0.20985939601780335        2.6914748192027860E-003   158194.34635521885     
  0.21077584498171664        2.7014999157761116E-003   160376.09294747474     
  0.21169073240203914        2.7115168348590458E-003   162557.83953973063     
  0.21260407353340924        2.7215254796387643E-003   164739.58613198652     
  0.21351588339678834        2.7315257572862002E-003   166921.33272424241     
  0.21442617678458004        2.7415175788531448E-003   169103.07931649830     
  0.21533496826560511        2.7515008591714367E-003   171284.82590875420     
  0.21624227218993797        2.7614755167542108E-003   173466.57250101009     
  0.21714810269360696        2.7714414736991952E-003   175648.31909326598     
  0.21805247370316527        2.7813986555940400E-003   177830.06568552187     
  0.21895539894013483        2.7913469914236620E-003   180011.81227777776     
  0.21985689192532876        2.8012864134795657E-003   182193.55887003365     
  0.22075696598305494        2.8112168572711391E-003   184375.30546228954     
  0.22165563424520651        2.8211382614388831E-003   186557.05205454543     
  0.22255290965524030        2.8310505676695705E-003   188738.79864680133     
  0.22344880497204908        2.8409537206132811E-003   190920.54523905722     
  0.22434333277373053        2.8508476678023070E-003   193102.29183131311     
  0.22523650546125421        2.8607323595719039E-003   195284.03842356900     
  0.22612833526203374        2.8706077489828335E-003   197465.78501582489     
  0.22701883423340327        2.8804737917457030E-003   199647.53160808078     
  0.22790801426600252        2.8903304461470563E-003   201829.27820033667     
  0.22879588708707557        2.9001776729771708E-003   204011.02479259257     
  0.22968246426368191        2.9100154354595761E-003   206192.77138484846     
  0.23056775720582595        2.9198436991822114E-003   208374.51797710435     
  0.23145177716950616        2.9296624320302423E-003   210556.26456936024     
  0.23233453525968581        2.9394716041204593E-003   212738.01116161613     
  0.23321604243318897        2.9492711877372765E-003   214919.75775387202     
  0.23409630950152319        2.9590611572702535E-003   217101.50434612791     
  0.23497534713363100        2.9688414891531536E-003   219283.25093838380     
  0.23585316585857319        2.9786121618044802E-003   221464.99753063970     
  0.23672977606814541        2.9883731555694721E-003   223646.74412289559     
  0.23760518801942956        2.9981244526635273E-003   225828.49071515148     
  0.23847941183728349        3.0078660371170287E-003   228010.23730740737     
  0.23935245751676854        3.0175978947215442E-003   230191.98389966326     
  0.24022433492551964        3.0273200129773614E-003   232373.73049191915     
  0.24109505380605692        3.0370323810423451E-003   234555.47708417504     
  0.24196462377804207        3.0467349896820795E-003   236737.22367643093     
  0.24283305434048130        3.0564278312212607E-003   238918.97026868683     
  0.24370035487387498        3.0661108994963385E-003   241100.71686094272     
  0.24456653464231756        3.0757841898093508E-003   243282.46345319867     
  0.24543160279554677        3.0854476988829370E-003   245464.21004545456     
  0.24629556837094602        3.0951014248165121E-003   247645.95663771045     
  0.24715844029550013        3.1047453670435526E-003   249827.70322996634     
  0.24802022738770477        3.1143795262900025E-003   252009.44982222223     
  0.24888093835943342        3.1240039045337363E-003   254191.19641447812     
  0.24974058181776018        3.1336185049650957E-003   256372.94300673401     
  0.25059916626674256        3.1432233319484272E-003   258554.68959898991     
  0.25145670010916255        3.1528183909846439E-003   260736.43619124580     
  0.25231319164822918        3.1624036886747603E-003   262918.18278350169     
  0.25316864908924347        3.1719792326843819E-003   265099.92937575758     
  0.25402308054122474        3.1815450317091358E-003   267281.67596801347     
  0.25487649401850271        3.1911010954410049E-003   269463.42256026936     
  0.25572889744227323        3.2006474345355625E-003   271645.16915252525     
  0.25658029864212067        3.2101840605800701E-003   273826.91574478114     
  0.25743070535750662        3.2197109860624207E-003   276008.66233703704     
  0.25828012523922655        3.2292282243409241E-003   278190.40892929293     
  0.25912856585083588        3.2387357896148813E-003   280372.15552154882     
  0.25997603467004310        3.2482336968959612E-003   282553.90211380471     
  0.26082253909007652        3.2577219619803447E-003   284735.64870606060     
  0.26166808642101941        3.2672006014216092E-003   286917.39529831649     
  0.26251268389111782        3.2766696325043530E-003   289099.14189057238     
  0.26335633864806107        3.2861290732185376E-003   291280.88848282828     
  0.26419905776023578        3.2955789422345126E-003   293462.63507508417     
  0.26504084821795343        3.3050192588787311E-003   295644.38166734006     
  0.26588171693465251        3.3144500431101210E-003   297826.12825959595     
  0.26672167074807651        3.3238713154971028E-003   300007.87485185184     
  0.26756071642142687        3.3332830971952335E-003   302189.62144410773     
  0.26839886064449403        3.3426854099254705E-003   304371.36803636362     
  0.26923611003476416        3.3520782759530253E-003   306553.11462861951     
  0.27007247113850452        3.3614617180668053E-003   308734.86122087541     
  0.27090795043182631        3.3708357595594145E-003   310916.60781313130     
  0.27174255432172795        3.3802004242077278E-003   313098.35440538719     
  0.27257628914711551        3.3895557362539760E-003   315280.10099764308     
  0.27340916117980479        3.3989017203873732E-003   317461.84758989897     
  0.27424117662550324        3.4082384017262634E-003   319643.59418215486     
  0.27507234162477245        3.4175658058007439E-003   321825.34077441075     
  0.27590266225397225        3.4268839585357923E-003   324007.08736666664     
  0.27673214452618733        3.4361928862348631E-003   326188.83395892254     
  0.27756079439213416        3.4454926155639354E-003   328370.58055117843     
  0.27838861774105239        3.4547831735360357E-003   330552.32714343432     
  0.27921562040157960        3.4640645874961531E-003   332734.07373569021     
  0.28004180814260704        3.4733368851066356E-003   334915.82032794610     
  0.28086718667412219        3.4826000943329587E-003   337097.56692020199     
  0.28169176164803400        3.4918542434299181E-003   339279.31351245788     
  0.28251553865898266        3.5010993609282124E-003   341461.06010471378     
  0.28333852324513542        3.5103354756214089E-003   343642.80669696967     
  0.28416072088896704        3.5195626165532858E-003   345824.55328922556     
  0.28498213701802577        3.5287808130055284E-003   348006.29988148145     
  0.28580277700568607        3.5379900944857920E-003   350188.04647373734     
  0.28662264617188671        3.5471904907161044E-003   352369.79306599323     
  0.28744174978385661        3.5563820316216023E-003   354551.53965824912     
  0.28826009305682732        3.5655647473195975E-003   356733.28625050501     
  0.28907768115473181        3.5747386681089536E-003   358915.03284276091     
  0.28989451919089226        3.5839038244597941E-003   361096.77943501680     
  0.29071061222869482        3.5930602470034792E-003   363278.52602727269     
  0.29152596528225289        3.6022079665229108E-003   365460.27261952858     
  0.29234058331705809        3.6113470139430967E-003   367642.01921178447     
  0.29315447125062111        3.6204774203220068E-003   369823.76580404036     
  0.29396763395309999        3.6295992168416977E-003   372005.51239629625     
  0.29478007624791858        3.6387124347997007E-003   374187.25898855214     
  0.29559180291237447        3.6478171056006660E-003   376369.00558080804     
  0.29640281867823509        3.6569132607482545E-003   378550.75217306393     
  0.29721312823232549        3.6660009318372835E-003   380732.49876531988     
  0.29802273621710523        3.6750801505460915E-003   382914.24535757577     
  0.29883164723123506        3.6841509486291468E-003   385095.99194983166     
  0.29963986583013547        3.6932133579098778E-003   387277.73854208755     
  0.30044739652653440        3.7022674102737204E-003   389459.48513434344     
  0.30125424379100707        3.7113131376613779E-003   391641.23172659933     
  0.30206041205250589        3.7203505720622841E-003   393822.97831885522     
  0.30286590569888222        3.7293797455082715E-003   396004.72491111112     
  0.30367072907739973        3.7384006900674396E-003   398186.47150336701     
  0.30447488649523835        3.7474134378382051E-003   400368.21809562290     
  0.30527838221999160        3.7564180209435369E-003   402549.96468787879     
  0.30608122048015424        3.7654144715253838E-003   404731.71128013468     
  0.30688340546560339        3.7744028217392631E-003   406913.45787239057     
  0.30768494132807100        3.7833831037490254E-003   409095.20446464646     
  0.30848583218160908        3.7923553497217917E-003   411276.95105690236     
  0.30928608210304825        3.8013195918230420E-003   413458.69764915825     
  0.31008569513244721        3.8102758622118667E-003   415640.44424141414     
  0.31088467527353736        3.8192241930363716E-003   417822.19083367003     
  0.31168302649415869        3.8281646164292243E-003   420003.93742592592     
  0.31248075272668974        3.8370971645033608E-003   422185.68401818181     
  0.31327785786847079        3.8460218693478119E-003   424367.43061043770     
  0.31407434578222010        3.8549387630236846E-003   426549.17720269359     
  0.31487022029644368        3.8638478775602720E-003   428730.92379494949     
  0.31566548520583992        3.8727492449512819E-003   430912.67038720538     
  0.31646014427169644        3.8816428971512095E-003   433094.41697946127     
  0.31725420122228171        3.8905288660718144E-003   435276.16357171716     
  0.31804765975323068        3.8994071835787344E-003   437457.91016397305     
  0.31884052352792452        3.9082778814882009E-003   439639.65675622894     
  0.31963279617786527        3.9171409915638739E-003   441821.40334848483     
  0.32042448130304269        3.9259965455137897E-003   444003.14994074072     
  0.32121558247229864        3.9348445749874056E-003   446184.89653299662     
  0.32200610322368423        3.9436851115727525E-003   448366.64312525251     
  0.32279604706481163        3.9525181867936989E-003   450548.38971750840     
  0.32358541747320152        3.9613438321072962E-003   452730.13630976429     
  0.32437421789662463        3.9701620789012251E-003   454911.88290202018     
  0.32516245175343900        3.9789729584913495E-003   457093.62949427607     
  0.32595012243292193        3.9877765021193281E-003   459275.37608653196     
  0.32673723329559701        3.9965727409503483E-003   461457.12267878785     
  0.32752378767355678        4.0053617060709290E-003   463638.86927104375     
  0.32830978887078033        4.0141434284867959E-003   465820.61586329964     
  0.32909524016344632        4.0229179391208644E-003   468002.36245555553     
  0.32988014480024247        4.0316852688112711E-003   470184.10904781142     
  0.33066450600266939        4.0404454483095077E-003   472365.85564006731     
  0.33144832696534049        4.0491985082786053E-003   474547.60223232320     
  0.33223161085627811        4.0579444792914121E-003   476729.34882457909     
  0.33301436081720515        4.0666833918289215E-003   478911.09541683499     
  0.33379657996383233        4.0754152762786872E-003   481092.84200909088     
  0.33457827138614205        4.0841401629332849E-003   483274.58860134677     
  0.33535943814866731        4.0928580819888536E-003   485456.33519360266     
  0.33614008329076839        4.1015690635436914E-003   487638.08178585855     
  0.33692020982690407        4.1102731375969159E-003   489819.82837811444     
  0.33769982074689964        4.1189703340471740E-003   492001.57497037033     
  0.33847891901621169        4.1276606826914268E-003   494183.32156262622     
  0.33925750757618878        4.1363442132237712E-003   496365.06815488212     
  0.34003558934432876        4.1450209552343249E-003   498546.81474713801     
  0.34081316721453248        4.1536909382081637E-003   500728.56133939390     
  0.34159024405735411        4.1623541915243130E-003   502910.30793164979     
  0.34236682272024832        4.1710107444547706E-003   505092.05452390568     
  0.34314290602781350        4.1796606261636070E-003   507273.80111616157     
  0.34391849678203229        4.1883038657060867E-003   509455.54770841746     
  0.34469359776250907        4.1969404920278409E-003   511637.29430067335     
  0.34546821172670350        4.2055705339641026E-003   513819.04089292925     
  0.34624234141016202        4.2141940202389530E-003   516000.78748518514     
  0.34701598952674462        4.2228109794646383E-003   518182.53407744103     
  0.34778915876885069        4.2314214401409011E-003   520364.28066969692     
  0.34856185180764071        4.2400254306543764E-003   522546.02726195281     
  0.34933407129325483        4.2486229792780073E-003   524727.77385420876     
  0.35010581985502959        4.2572141141705025E-003   526909.52044646465     
  0.35087710010169199        4.2657988633758312E-003   529091.26703872054     
  0.35164791462166350        4.2743772548227534E-003   531273.01363097643     
  0.35241826598308174        4.2829493163243750E-003   533454.76022323233     
  0.35318815673419190        4.2915150755777551E-003   535636.50681548822     
  0.35395758940345573        4.3000745601635190E-003   537818.25340774411     
  0.35472656649977052        4.3086277975455216E-003   540000.00000000000     
