   2.1448184868125414E-003   1.2336386580544488E-003  -190034.18127427611        7377297.5351598933        304.12818554333847     
   2.1510731025256931E-003   1.2344124782628460E-003  -189756.96693855218        7377295.0703195939        304.12817108667582     
   2.1573404479010507E-003   1.2351871837918147E-003  -189479.75260282829        7377292.6054790812        304.12815663001197     
   2.1636201933321634E-003   1.2359627751738133E-003  -189202.53826710439        7377278.5755855981        304.12807436699478     
   2.1699121740263163E-003   1.2367392529377208E-003  -188925.32393138047        7377264.5456921589        304.12799210397787     
   2.1762166746558931E-003   1.2375166176088043E-003  -188648.10959565657        7377246.2769348770        304.12788499199911     
   2.1825342164269166E-003   1.2382948697086933E-003  -188370.89525993267        7377214.9683030229        304.12770143884205     
   2.1888653051053766E-003   1.2390740097553477E-003  -188093.68092420875        7377183.6537484992        304.12751785047703     
   2.1952104059896984E-003   1.2398540382630348E-003  -187816.46658848485        7377133.1148432428        304.12722155389503     
   2.2015699747544625E-003   1.2406349557422909E-003  -187539.25225276095        7377072.6065758634        304.12686680874998     
   2.2079444713864853E-003   1.2414167626999034E-003  -187262.03791703703        7377012.0989681138        304.12651206752645     
   2.2143343638537558E-003   1.2421994596388700E-003  -186984.82358131313        7376917.0528771775        304.12595477024269     
   2.2207401275484077E-003   1.2429830470583815E-003  -186707.60924558924        7376817.2141566761        304.12536936589470     
   2.2271622439564965E-003   1.2437675254537831E-003  -186430.39490986534        7376712.5793382339        304.12475582065900     
   2.2336011989157229E-003   1.2445528953165504E-003  -186153.18057414141        7376581.4069675002        304.12398659362151     
   2.2400574811844865E-003   1.2453391571342620E-003  -185875.96623841752        7376408.1847024811        304.12297055313303     
   2.2465315814950071E-003   1.2461263113905617E-003  -185598.75190269362        7376234.9624375198        304.12195451264489     
   2.2530239912994638E-003   1.2469143585651413E-003  -185321.53756696970        7376061.7401725966        304.12093847215698     
   2.2595352023163109E-003   1.2477032991337008E-003  -185044.32323124580        7375832.8372238167        304.11959545507574     
   2.2660657059475186E-003   1.2484931335679254E-003  -184767.10889552190        7375580.7192206401        304.11811600577585     
   2.2726159929473081E-003   1.2492838623354560E-003  -184489.89455979798        7375340.2087448109        304.11670477258627     
   2.2791865532311700E-003   1.2500754858998566E-003  -184212.68022407408        7375023.0044391192        304.11484270730864     
   2.2857778757599165E-003   1.2508680047205892E-003  -183935.46588835018        7374705.8001335002        304.11298064203146     
   2.2923904485120652E-003   1.2516614192529839E-003  -183658.25155262626        7374388.5958279194        304.11111857675451     
   2.2990247585948143E-003   1.2524557299482030E-003  -183381.03721690236        7373986.1840203069        304.10875511589336     
   2.3056812922673678E-003   1.2532509372532262E-003  -183103.82288117846        7373586.8897363609        304.10640997302465     
   2.3123605351293218E-003   1.2540470416108069E-003  -182826.60854545454        7373156.9824885931        304.10388460242615     
   2.3190629722634358E-003   1.2548440434594513E-003  -182549.39420973064        7372709.8957858589        304.10125798812743     
   2.3257890884170406E-003   1.2556419432333897E-003  -182272.17987400675        7372190.6862324048        304.09820636660811     
   2.3325393681768902E-003   1.2564407413625425E-003  -181994.96553828282        7371674.1979172025        304.09517071326115     
   2.3393142962123167E-003   1.2572404382724949E-003  -181717.75120255892        7371117.3973181229        304.09189723511878     
   2.3461143574083757E-003   1.2580410343844691E-003  -181440.53686683503        7370505.6629908988        304.08829961146728     
   2.3529400371079937E-003   1.2588425301152931E-003  -181163.32253111113        7369893.9287521290        304.08470198834260     
   2.3597918212903126E-003   1.2596449258773727E-003  -180886.10819538721        7369219.1131609008        304.08073163493748     
   2.3666701967581302E-003   1.2604482220786627E-003  -180608.89385966331        7368507.9474531366        304.07654649873638     
   2.3735756513264344E-003   1.2612524191226401E-003  -180331.67952393941        7367796.7818530332        304.07236136317704     
   2.3805086739932409E-003   1.2620575174082725E-003  -180054.46518821549        7366989.4241197575        304.06760699075130     
   2.3874697551146003E-003   1.2628635173299932E-003  -179777.25085249159        7366174.9487284478        304.06281052287721     
   2.3944593865671587E-003   1.2636704192776731E-003  -179500.03651676769        7365360.4733372265        304.05801405500364     
   2.4014780619115378E-003   1.2644782236365835E-003  -179222.82218104377        7364430.9529920705        304.05253573287104     
   2.4085262765390384E-003   1.2652869307873825E-003  -178945.60784531987        7363494.5306470636        304.04701643673189     
   2.4156045278243489E-003   1.2660965411060762E-003  -178668.39350959598        7362546.3098781900        304.04142703596824     
   2.4227133152649851E-003   1.2669070549639961E-003  -178391.17917387205        7361506.2042437429        304.03529215418189     
   2.4298531406224898E-003   1.2677184727277670E-003  -178113.96483814815        7360466.0989190852        304.02915727424477     
   2.4370245080559943E-003   1.2685307947592830E-003  -177836.75050242426        7359364.8168895915        304.02265854285315     
   2.4442279242538039E-003   1.2693440214156795E-003  -177559.53616670033        7358203.3013985772        304.01580148369408     
   2.4514638985600797E-003   1.2701581530493067E-003  -177282.32183097643        7357016.4441103684        304.00879359428728     
   2.4587329431022984E-003   1.2709731900076968E-003  -177005.10749525254        7355829.5868221913        304.00178570488083     
   2.4660355729133874E-003   1.2717891326335426E-003  -176727.89315952861        7354507.4839547183        303.99397149400511     
   2.4733723060541197E-003   1.2726059812646700E-003  -176450.67882380472        7353185.3810871877        303.98615728312910     
   2.4807436637326688E-003   1.2734237362340085E-003  -176173.46448808082        7351863.2782196095        303.97834307225276     
   2.4881501704247804E-003   1.2742423978695677E-003  -175896.25015235689        7350409.8806629870        303.96974456602317     
   2.4955923539949965E-003   1.2750619664944059E-003  -175619.03581663300        7348937.5138575835        303.96103236297211     
   2.5030707458096120E-003   1.2758824424266117E-003  -175341.82148090910        7347474.6316766143        303.95237700833206     
   2.5105858808564061E-003   1.2767038259792703E-003  -175064.60714518517        7345882.5387889361        303.94294809940220     
   2.5181382978674170E-003   1.2775261174604391E-003  -174787.39280946128        7344256.1367794294        303.93331324993216     
   2.5257285394340440E-003   1.2783493171731268E-003  -174510.17847373738        7342646.8893308146        303.92378137073206     
   2.5333571521233967E-003   1.2791734254152612E-003  -174232.96413801349        7340913.4255679641        303.91350411901090     
   2.5410246866046462E-003   1.2799984424796673E-003  -173955.74980228956        7339141.4413392581        303.90299501971236     
   2.5487316977654160E-003   1.2808243686540436E-003  -173678.53546656566        7337363.0439617112        303.89244774125785     
   2.5564787448363224E-003   1.2816512042209327E-003  -173401.32113084177        7335443.9532304816        303.88105348402280     
   2.5642663915099147E-003   1.2824789494577014E-003  -173124.10679511784        7333534.7239293726        303.86971849424327     
   2.5720952060715231E-003   1.2833076046365095E-003  -172846.89245939394        7331605.7717678938        303.85826496955190     
   2.5799657615182326E-003   1.2841371700242929E-003  -172569.67812367005        7329574.6696431469        303.84619519708889     
   2.5878786356939533E-003   1.2849676458827378E-003  -172292.46378794612        7327444.9440782443        303.83352949999858     
   2.5958344114107579E-003   1.2857990324682497E-003  -172015.24945222223        7325315.2187860804        303.82086380454746     
   2.6038336765855864E-003   1.2866313300319389E-003  -171738.03511649833        7323104.8489963375        303.80770974759594     
   2.6118770243705020E-003   1.2874645388195934E-003  -171460.82078077440        7320852.3165355902        303.79430069191085     
   2.6199650532885942E-003   1.2882986590716549E-003  -171183.60644505051        7318599.7840749305        303.78089163622650     
   2.6280983673698990E-003   1.2891336910231957E-003  -170906.39210932661        7316171.3475129679        303.76641519620642     
   2.6362775762910576E-003   1.2899696349038990E-003  -170629.17777360269        7313742.9109510221        303.75193875618646     
   2.6445032955156014E-003   1.2908064909380316E-003  -170351.96343787879        7311314.4743890995        303.73746231616673     
   2.6527761464383865E-003   1.2916442593444294E-003  -170074.74910215489        7308720.1941226795        303.72197661365556     
   2.6610967565303778E-003   1.2924829403364651E-003  -169797.53476643097        7306093.1745172348        303.70629145158205     
   2.6694657594878114E-003   1.2933225341220367E-003  -169520.32043070707        7303482.5245812889        303.69070601928956     
   2.6778837953824464E-003   1.2941630409035400E-003  -169243.10609498317        7300683.2122655110        303.67396873808934     
   2.6863515108150691E-003   1.2950044608778487E-003  -168965.89175925928        7297883.8999496568        303.65723145688850     
   2.6948695590704804E-003   1.2958467942362959E-003  -168688.67742353535        7295084.5876338612        303.64049417568810     
   2.7034386002796553E-003   1.2966900411646518E-003  -168411.46308781145        7292090.0280170571        303.62256092940515     
   2.7120593015778688E-003   1.2975342018431031E-003  -168134.24875208753        7289095.4684002614        303.60462768312226     
   2.7207323372706012E-003   1.2983792764462330E-003  -167857.03441636363        7286070.9013420232        303.58650985595466     
   2.7294583890035413E-003   1.2992252651430054E-003  -167579.82008063974        7282904.3870228287        303.56751985003712     
   2.7382381459307688E-003   1.3000721680967416E-003  -167302.60574491584        7279707.8652621470        303.54834526323464     
   2.7470723048903718E-003   1.3009199854651019E-003  -167025.39140919191        7276511.3435014999        303.52917067643239     
   2.7559615705838388E-003   1.3017687174000684E-003  -166748.17707346802        7273106.0225328691        303.50870812318891     
   2.7649066557551821E-003   1.3026183640479261E-003  -166470.96273774412        7269700.7015642542        303.48824556994549     
   2.7739082813778540E-003   1.3034689255492459E-003  -166193.74840202020        7266237.9336749949        303.46742716275293     
   2.7829671768436950E-003   1.3043204020388660E-003  -165916.53406629630        7262683.4765807809        303.44604179915365     
   2.7920840801556770E-003   1.3051727936458741E-003  -165639.31973057240        7259123.8885313245        303.42462458576000     
   2.8012597381265113E-003   1.3060261004935922E-003  -165362.10539484848        7255432.1691024313        303.40238787281623     
   2.8104949065784757E-003   1.3068803226995579E-003  -165084.89105912458        7251606.4672561251        303.37931810185904     
   2.8197903505520557E-003   1.3077354603755111E-003  -164807.67672340068        7247796.2898626067        303.35634419436576     
   2.8291468445152861E-003   1.3085915136273757E-003  -164530.46238767676        7243827.2146770963        303.33238026844367     
   2.8385651725808063E-003   1.3094484825552464E-003  -164253.24805195286        7239858.1406603772        303.30841634964600     
   2.8480461287271309E-003   1.3103063672533681E-003  -163976.03371622897        7235752.8994624773        303.28360106473338     
   2.8575905170247018E-003   1.3111651678101304E-003  -163698.81938050507        7231679.0753458310        303.25898259303403     
   2.8671991518678950E-003   1.3120248843080445E-003  -163421.60504478114        7227417.3122647172        303.23318702000222     
   2.8768728582138610E-003   1.3128855168237346E-003  -163144.39070905725        7223079.3698208900        303.20691206743658     
   2.8866124718257805E-003   1.3137470654279199E-003  -162867.17637333332        7218670.9661843721        303.18019461481373     
   2.8964188395239855E-003   1.3146095301854075E-003  -162589.96203760942        7214262.5633649454        303.15347716719123     
   2.9062928194417137E-003   1.3154729111550733E-003  -162312.74770188553        7209647.2391305976        303.12545477041220     
   2.9162352812902997E-003   1.3163372083898524E-003  -162035.53336616163        7205009.7542086625        303.09729261727938     
   2.9262471066288072E-003   1.3172024219367284E-003  -161758.31903043771        7200272.2592276260        303.06849674261753     
   2.9363291891434844E-003   1.3180685518367162E-003  -161481.10469471381        7195470.4473789604        303.03929396856427     
   2.9464824349334862E-003   1.3189355981248589E-003  -161203.89035898991        7190657.5815436877        303.01002193044764     
   2.9567077628043031E-003   1.3198035608302109E-003  -160926.67602326599        7185590.9682142008        302.97913655698125     
   2.9670061045713862E-003   1.3206724399758257E-003  -160649.46168754209        7180524.3548846198        302.94825118351412     
   2.9773784053711439E-003   1.3215422355787548E-003  -160372.24735181819        7175457.7415550640        302.91736581004722     
   2.9878256239803842E-003   1.3224129476500277E-003  -160095.03301609427        7170124.3801434189        302.88477637078688     
   2.9983487331472162E-003   1.3232845761946511E-003  -159817.81868037037        7164791.0187317934        302.85218693152660     
   3.0089487199303918E-003   1.3241571212115920E-003  -159540.60434464648        7159457.6573201735        302.81959749226638     
   3.0196265860483250E-003   1.3250305826937739E-003  -159263.39000892255        7153870.2442779262        302.78537677108204     
   3.0303833482400429E-003   1.3259049606280716E-003  -158986.17567319865        7148252.5683360798        302.75096132998817     
   3.0412200386359181E-003   1.3267802549952966E-003  -158708.96133747476        7142634.6480257986        302.71654431081873     
   3.0521377051418398E-003   1.3276564657701943E-003  -158431.74700175083        7136745.3130102642        302.68037443833526     
   3.0631374118315104E-003   1.3285335929214364E-003  -158154.53266602693        7130855.8546303958        302.64420376788240     
   3.0742202393550396E-003   1.3294116364116139E-003  -157877.31833030304        7124966.3962505534        302.60803309742982     
   3.0853872853578309E-003   1.3302905961972331E-003  -157600.10399457911        7118792.3685419904        302.57001469024232     
   3.0966396649130023E-003   1.3311704722287054E-003  -157322.88965885522        7112645.7551818369        302.53217458455748     
   3.1079785109689173E-003   1.3320512644503478E-003  -157045.67532313132        7106378.4450450838        302.49354667584493     
   3.1194049748083058E-003   1.3329329728003743E-003  -156768.46098740742        7099957.5249791574        302.45391613591289     
   3.1309202265250883E-003   1.3338155972108939E-003  -156491.24665168350        7093536.6073563155        302.41428561119915     
   3.1425254555132961E-003   1.3346991376079046E-003  -156214.03231595960        7086930.4130785819        302.37343888439972     
   3.1542218709748673E-003   1.3355835939112923E-003  -155936.81798023568        7080220.9868811090        302.33191362655168     
   3.1660107024414942E-003   1.3364689660348267E-003  -155659.60364451178        7073440.2094694860        302.28991889160318     
   3.1778932003135993E-003   1.3373552538861562E-003  -155382.38930878788        7066572.1136969766        302.24734609539121     
   3.1898706364181877E-003   1.3382424573668095E-003  -155105.17497306399        7059582.7078315290        302.20397275363848     
   3.2019443045829014E-003   1.3391305763721954E-003  -154827.96063734006        7052564.2822514726        302.16040662926179     
   3.2141155212305735E-003   1.3400196107915944E-003  -154550.74630161616        7045280.5899342271        302.11507829753674     
   3.2263856259911231E-003   1.3409095605081630E-003  -154273.53196589224        7037996.8993019015        302.06974997638957     
   3.2387559823351263E-003   1.3418004253989361E-003  -153996.31763016834        7030551.9287344916        302.02334421758815     
   3.2512279782272563E-003   1.3426922053348177E-003  -153719.10329444445        7023138.1859450378        301.97714798381298     
   3.2638030268007960E-003   1.3435849001805905E-003  -153441.88895872055        7015396.1080218107        301.92875009589636     
   3.2764825670550056E-003   1.3444785097949117E-003  -153164.67462299662        7007654.0300984029        301.88035220797826     
   3.2892680645741855E-003   1.3453730340303154E-003  -152887.46028727273        6999911.9521751106        301.83195432006107     
   3.3021610122715974E-003   1.3462684727332170E-003  -152610.24595154883        6991833.4986977894        301.78128473783283     
   3.3151629311565689E-003   1.3471648257439104E-003  -152333.03161582490        6983781.1060318835        301.73079075639993     
   3.3282753711270699E-003   1.3480620928965714E-003  -152055.81728010101        6975573.5426913789        301.67924494552420     
   3.3414999117888818E-003   1.3489602740192671E-003  -151778.60294437711        6967253.5912905391        301.62693189216077     
   3.3548381633006987E-003   1.3498593689339506E-003  -151501.38860865321        6958830.5908379983        301.57391821094569     
   3.3682917672475470E-003   1.3507593774564706E-003  -151224.17427292929        6950407.5903853867        301.52090452972999     
   3.3818623975431896E-003   1.3516602993965713E-003  -150946.95993720539        6941631.7152237454        301.46547171538248     
   3.3955517613608239E-003   1.3525621345579029E-003  -150669.74560148147        6932855.8400620855        301.41003890103480     
   3.4093616000963590E-003   1.3534648827380200E-003  -150392.53126575757        6924079.9649004778        301.35460608668751     
   3.4232936903621472E-003   1.3543685437283929E-003  -150115.31693003367        6915004.4422633676        301.29710394095997     
   3.4373498450135558E-003   1.3552731173144092E-003  -149838.10259430978        6905809.2874478176        301.23877227033898     
   3.4515319142105032E-003   1.3561786032753802E-003  -149560.88825858585        6896614.1372710690        301.18044062940743     
   3.4658417865126466E-003   1.3570850013845551E-003  -149283.67392286196        6887160.8008314129        301.12030816063896     
   3.4802813900125496E-003   1.3579923114091146E-003  -149006.45958713803        6877661.2239451827        301.05985415445554     
   3.4948526935051657E-003   1.3589005331101904E-003  -148729.24525141413        6868146.0460415902        300.99929174607394     
   3.5095577076973009E-003   1.3598096662428675E-003  -148452.03091569024        6858259.5758510120        300.93612042174323     
   3.5243984864572653E-003   1.3607197105561946E-003  -148174.81657996634        6848373.1056603538        300.87294909741178     
   3.5393771281061314E-003   1.3616306657931914E-003  -147897.60224424241        6838486.6354697291        300.80977777308061     
   3.5544957767530303E-003   1.3625425316908565E-003  -147620.38790851852        6828211.8091405760        300.74385452101114     
   3.5697566236754233E-003   1.3634553079801815E-003  -147343.17357279462        6817936.9828114631        300.67793126894202     
   3.5851619087461642E-003   1.3643689943861536E-003  -147065.95923707070        6807613.3913976196        300.61165860691511     
   3.6007139219094366E-003   1.3652835906277771E-003  -146788.74490134680        6796994.8016073294        300.54327924622697     
   3.6164150047070811E-003   1.3661990964180693E-003  -146511.53056562290        6786316.6165359486        300.47447120744300     
   3.6322675518576943E-003   1.3671155114640839E-003  -146234.31622989901        6775643.8465628373        300.40570280272891     
   3.6482740128903541E-003   1.3680328354669174E-003  -145957.10189417508        6764563.1807463653        300.33399115399715     
   3.6644368938354727E-003   1.3689510681217196E-003  -145679.88755845118        6753482.5149297547        300.26227950526413     
   3.6807587589747642E-003   1.3698702091177097E-003  -145402.67322272726        6742401.8491133051        300.19056785653260     
   3.6972422326527130E-003   1.3707902581381846E-003  -145125.45888700336        6730902.9280554382        300.11580951953385     
   3.7138900011532750E-003   1.3717112148605326E-003  -144848.24455127947        6719404.0069975723        300.04105118253500     
   3.7307048146428845E-003   1.3726330789562500E-003  -144571.03021555557        6707905.0859396290        299.96629284553558     
   3.7476894891838065E-003   1.3735558500909515E-003  -144293.81587983164        6695977.0986152906        299.88837850041705     
   3.7648469088206026E-003   1.3744795279243842E-003  -144016.60154410775        6684049.1112910481        299.81046415529931     
   3.7821800277431984E-003   1.3754041121104425E-003  -143739.38720838382        6672121.1239669202        299.73254981018260     
   3.7996918725292871E-003   1.3763296022971817E-003  -143462.17287265992        6659752.7613364933        299.65136369935715     
   3.8173855444706374E-003   1.3772559981268351E-003  -143184.95853693603        6647384.3987061772        299.57017758853272     
   3.8352642219866570E-003   1.3781832992358289E-003  -142907.74420121213        6634870.3737967024        299.48789816998385     
   3.8533311631288956E-003   1.3791115052547928E-003  -142630.52986548821        6622277.7015946563        299.40503295503538     
   3.8715897081816708E-003   1.3800406158085829E-003  -142353.31552976431        6609425.6410641829        299.32021125546595     
   3.8900432823629595E-003   1.3809706305162946E-003  -142076.10119404038        6596408.5588318296        299.23414484855658     
   3.9086953986298204E-003   1.3819015489912770E-003  -141798.88685831649        6583268.9785051104        299.14714370133925     
   3.9275496605946855E-003   1.3828333708411546E-003  -141521.67252259259        6569983.7013458125        299.05903795769518     
   3.9466097655565966E-003   1.3837660956678424E-003  -141244.45818686869        6556698.4241865240        298.97093221405129     
   3.9658795076542288E-003   1.3846997230675571E-003  -140967.24385114477        6542935.3596367016        298.87916249577904     
   3.9853627811460967E-003   1.3856342526308444E-003  -140690.02951542087        6529172.2950870488        298.78739277750844     
   4.0050635838243757E-003   1.3865696839425934E-003  -140412.81517969698        6515409.2305373298        298.69562305923716     
   4.0249860205705153E-003   1.3875060165820523E-003  -140135.60084397305        6501264.1105524115        298.60089425457755     
   4.0451343070571251E-003   1.3884432501228489E-003  -139858.38650824915        6486906.0634706505        298.50450557815310     
   4.0655127736067363E-003   1.3893813841330093E-003  -139581.17217252526        6472645.2407169947        298.40887769931345     
   4.0861258692141880E-003   1.3903204181749786E-003  -139303.95783680136        6457959.2743554730        298.30991520501510     
   4.1069781657415427E-003   1.3912603518056359E-003  -139026.74350107744        6443129.7235345440        298.20982104409705     
   4.1280743622940548E-003   1.3922011845763189E-003  -138749.52916535354        6428300.1856717048        298.10972697140153     
   4.1494192897892227E-003   1.3931429160328381E-003  -138472.31482962961        6413126.9592588348        298.00690231644450     
   4.1710179157259369E-003   1.3940855457155021E-003  -138195.10049390572        6397812.5683803037        297.90295611730005     
   4.1928753491686501E-003   1.3950290731591347E-003  -137917.88615818182        6382515.4151798496        297.79914786216358     
   4.2149968459550945E-003   1.3959734978930961E-003  -137640.67182245792        6366695.0712192608        297.69113612898923     
   4.2373878141420121E-003   1.3969188194413067E-003  -137363.45748673400        6350907.3227206636        297.58338809889443     
   4.2600538197020482E-003   1.3978650373222602E-003  -137086.24315101010        6335018.0360707967        297.47481609470503     
   4.2830005924849382E-003   1.3988121510490517E-003  -136809.02881528618        6318690.9762710193        297.36268655133392     
   4.3062340324605116E-003   1.3997601601293975E-003  -136531.81447956228        6302363.9287371077        297.25055709285687     
   4.3297602162570377E-003   1.4007090640656551E-003  -136254.60014383838        6285927.7137467042        297.13753316563225     
   4.3535854040141764E-003   1.4016588623548478E-003  -135977.38580811449        6268978.5719696134        297.02028306389769     
   4.3777160465685730E-003   1.4026095544886802E-003  -135700.17147239056        6252029.4301924100        296.90303296216211     
   4.4021587929918603E-003   1.4035611399535687E-003  -135422.95713666666        6235080.2884153258        296.78578286042762     
   4.4269204985012698E-003   1.4045136182306596E-003  -135145.74280094277        6217549.6616096506        296.66368527875767     
   4.4520082327678618E-003   1.4054669887958475E-003  -134868.52846521884        6200147.0851116478        296.54265842699272     
   4.4774292886439809E-003   1.4064212511198063E-003  -134591.31412949495        6182289.8647334808        296.41780149682177     
   4.5031911913376507E-003   1.4073764046680054E-003  -134314.09979377105        6164323.5840476993        296.29202579922713     
   4.5293017080615108E-003   1.4083324489007338E-003  -134036.88545804712        6146141.0585340494        296.16440817254380     
   4.5557688581851054E-003   1.4092893832731272E-003  -133759.67112232323        6127984.8453965681        296.03701864465694     
   4.5826009239242271E-003   1.4102472072351844E-003  -133482.45678659933        6109192.4639367014        295.90417594277500     
   4.6098064616006225E-003   1.4112059202317955E-003  -133205.24245087540        6090400.0824769279        295.77133324089402     
   4.6373943135094697E-003   1.4121655217027645E-003  -132928.02811515151        6071607.7010170370        295.63849053901185     
   4.6653736204345288E-003   1.4131260110828311E-003  -132650.81377942761        6052246.2361981990        295.50071045091948     
   4.6937538348540966E-003   1.4140873878016949E-003  -132373.59944370372        6032805.2546469998        295.36222113792911     
   4.7225447348833473E-003   1.4150496512840419E-003  -132096.38510797979        6013030.7631541938        295.22081106912663     
   4.7517564390037164E-003   1.4160128009495618E-003  -131819.17077225589        5993112.9936485020        295.07812489021694     
   4.7813994216329217E-003   1.4169768362129801E-003  -131541.95643653197        5972975.2484660875        294.93349911135010     
   4.8114845295934450E-003   1.4179417564840759E-003  -131264.74210080807        5952837.5032833144        294.78887333247945     
   4.8420229995425734E-003   1.4189075611677076E-003  -130987.52776508417        5932198.1823331369        294.63977118581920     
   4.8730264764323813E-003   1.4198742496638393E-003  -130710.31342936026        5911171.3929955736        294.48716775467409     
   4.9045070330729912E-003   1.4208418213675616E-003  -130433.09909363635        5890080.3860756522        294.33398618029781     
   4.9364771908788933E-003   1.4218102756691166E-003  -130155.88475791246        5868903.2179979840        294.18001769345165     
   4.9689499418854120E-003   1.4227796119539254E-003  -129878.67042218854        5847115.8022618415        294.02047591569828     
   5.0019387721287854E-003   1.4237498296026075E-003  -129601.45608646463        5825328.4141326956        293.86093434156163     
   5.0354576864939183E-003   1.4247209279910108E-003  -129324.24175074074        5803139.9209935535        293.69767215550308     
   5.0695212351388611E-003   1.4256929064902304E-003  -129047.02741501684        5780772.7446099343        293.53276410503548     
   5.1041445416193151E-003   1.4266657644666334E-003  -128769.81307929292        5758405.5682262732        293.36785605456754     
   5.1393433328450868E-003   1.4276395012818915E-003  -128492.59874356902        5735332.3204821870        293.19632462565335     
   5.1751339710127721E-003   1.4286141162929934E-003  -128215.38440784512        5712065.9223332284        293.02296799071985     
   5.2115334876731562E-003   1.4295896088522796E-003  -127938.17007212120        5688877.3048210535        292.85035043480815     
   5.2485596201066551E-003   1.4305659783074600E-003  -127660.95573639730        5664854.5742268581        292.66976625572511     
   5.2862308501954421E-003   1.4315432240016414E-003  -127383.74140067340        5640831.8436327903        292.48918207664349     
   5.3245664460015918E-003   1.4325213452733544E-003  -127106.52706494949        5616809.1130387485        292.30859789756215     
   5.3635865062780699E-003   1.4335003414565714E-003  -126829.31272922558        5591931.7755939299        292.11971704998325     
   5.4033120081671566E-003   1.4344802118807357E-003  -126552.09839350168        5567055.2352857618        291.93084395404293     
   5.4437648583581704E-003   1.4354609558707850E-003  -126274.88405777777        5542077.1781685818        291.74097381557419     
   5.4849679480152248E-003   1.4364425727471772E-003  -125997.66972205386        5516249.6484112395        291.54270619686753     
   5.5269452118086784E-003   1.4374250618259120E-003  -125720.45538632997        5490511.4515188094        291.34532570055433     
   5.5697216914244244E-003   1.4384084224185550E-003  -125443.24105060606        5464374.5168476338        291.14394124807370     
   5.6133236039648737E-003   1.4393926538322636E-003  -125166.02671488214        5437732.0175340567        290.93748017323588     
   5.6577784156986817E-003   1.4403777553698162E-003  -124888.81237915825        5411089.6117719859        290.73101982918649     
   5.7031149216709969E-003   1.4413637263296229E-003  -124611.59804343434        5383818.9784191605        290.51814044129839     
   5.7493633317379153E-003   1.4423505660057646E-003  -124334.38370771043        5356197.2616396118        290.30165886363909     
   5.7965553636611629E-003   1.4433382736880078E-003  -124057.16937198653        5328330.9459791277        290.08266000054527     
   5.8447243439649710E-003   1.4443268486618289E-003  -123779.95503626262        5300464.6303187693        289.86366113745282     
   5.8939053173495664E-003   1.4453162902084416E-003  -123502.74070053872        5271559.2070628172        289.63381050497190     
   5.9441351655425091E-003   1.4463065976048218E-003  -123225.52636481481        5242857.1195818568        289.40607984526781     
   5.9954527365852651E-003   1.4472977701237232E-003  -122948.31202909090        5213561.9193843519        289.17209803831810     
   6.0478989856727998E-003   1.4482898070337143E-003  -122671.09769336700        5183423.0433591157        288.92907405693916     
   6.1015171288087621E-003   1.4492827075991838E-003  -122393.88335764309        5153284.1673328886        288.68605007554868     
   6.1563528107022696E-003   1.4502764710803827E-003  -122116.66902191918        5123145.2913072482        288.44302609416508     
   6.2124542885215218E-003   1.4512710967334341E-003  -121839.45468619528        5091755.6340093054        288.18637269490205     
   6.2698726333372395E-003   1.4522665838103638E-003  -121562.24035047137        5060365.9767105356        287.92971929562941     
   6.3286619513442839E-003   1.4532629315591192E-003  -121285.02601474746        5028976.3194119269        287.67306589635865     
   6.3888796272382493E-003   1.4542601392235931E-003  -121007.81167902357        4996568.8569941120        287.40512984753332     
   6.4505865924726884E-003   1.4552582060436514E-003  -120730.59734329965        4963513.5398254227        287.12989091601378     
   6.5138476215164942E-003   1.4562571312551453E-003  -120453.38300757576        4930782.1500319829        286.85830342583910     
   6.5787316596992622E-003   1.4572569140899455E-003  -120176.16867185185        4897088.3354385821        286.57582195853820     
   6.6453121867895764E-003   1.4582575537759566E-003  -119898.95433612794        4862478.0531844217        286.28278857246380     
   6.7136676210902899E-003   1.4592590495371438E-003  -119621.74000040404        4827837.0998899462        285.98940344951910     
   6.7838817696109404E-003   1.4602614005935469E-003  -119344.52566468013        4792902.6611314360        285.69258285579178     
   6.8560443307900849E-003   1.4612646061613194E-003  -119067.31132895622        4756773.2486525672        285.38177535355152     
   6.9302514573274668E-003   1.4622686654527260E-003  -118790.09699323232        4720644.1479433868        285.07097054965135     
   7.0066063879937971E-003   1.4632735776761913E-003  -118512.88265750841        4683541.2777003050        284.74850869471197     
   7.0852201588599076E-003   1.4642793420362988E-003  -118235.66832178450        4646078.5782955680        284.42178158229211     
   7.1662124062800156E-003   1.4652859577338204E-003  -117958.45398606060        4608615.8788912287        284.09505446987725     
   7.2497122762777257E-003   1.4662934239657438E-003  -117681.23965033669        4569470.7776765488        283.74783253639964     
   7.3358594577932349E-003   1.4673017399252841E-003  -117404.02531461279        4529912.1556916889        283.39553215092769     
   7.4248053607063229E-003   1.4683109048019090E-003  -117126.81097888888        4490560.2940918161        283.04577099145166     
   7.5167144638147686E-003   1.4693209177813573E-003  -116849.59664316497        4449106.5904435068        282.66974965166617     
   7.6117658632286400E-003   1.4703317780456642E-003  -116572.38230744108        4407652.8867938668        282.29372831186402     
   7.7101550582590501E-003   1.4713434847731751E-003  -116295.16797171716        4366199.1831433810        281.91770697205123     
   7.8120960201718296E-003   1.4723560371385693E-003  -116017.95363599325        4322452.4293909790        281.51233080769174     
   7.9178235996978409E-003   1.4733694343128793E-003  -115740.73930026936        4278789.3546438469        281.10803281237395     
   8.0275963425958351E-003   1.4743836754635114E-003  -115463.52496454545        4234397.7823637938        280.69418432877308     
   8.1416997998014461E-003   1.4753987597542623E-003  -115186.31062882153        4188263.3478039587        280.25749087428181     
   8.2604504410532381E-003   1.4764146863453424E-003  -114909.09629309764        4142130.3283475325        279.82081089525053     
   8.3842003101224274E-003   1.4774314543933918E-003  -114631.88195737373        4094538.2474269718        279.36453329047083     
   8.5133425984338009E-003   1.4784490630515019E-003  -114354.66762164983        4045496.7756065810        278.88871888901531     
   8.6483183654590609E-003   1.4794675114692276E-003  -114077.45328592592        3995826.8306962559        278.40438132205855     
   8.7896247039873122E-003   1.4804867987926165E-003  -113800.23895020201        3946156.8857853455        277.92004375509407     
   8.9378247436947243E-003   1.4815069241642194E-003  -113523.02461447811        3894093.1336325319        277.40272934487962     
   9.0935600185751385E-003   1.4825278867231081E-003  -113245.81027875420        3840701.1700518271        276.86684362357664     
   9.2575659096161677E-003   1.4835496856048984E-003  -112968.59594303029        3785904.2384812157        276.31113366143211     
   9.4306911397695464E-003   1.4845723199417621E-003  -112691.38160730639        3729565.0848153424        275.73346000452545     
   9.6139226846871876E-003   1.4855957888624512E-003  -112414.16727158248        3671594.5523103131        275.13233493478805     
   9.8084180361855608E-003   1.4866200914923078E-003  -112136.95293585857        3611826.7613410857        274.50513117902153     
   1.0015547624967853E-002   1.4876452269532848E-003  -111859.73860013467        3547906.1196648944        273.81667460125436     
   1.0236951560716341E-002   1.4886711943639655E-003  -111582.52426441076        3486270.9197131493        273.16224069257083     
   1.0474617007044683E-002   1.4896979928395715E-003  -111305.30992868687        3420044.2538393699        272.43946007438456     
   1.0730986069429082E-002   1.4907256214919918E-003  -111028.09559296296        3351160.4866414340        271.67662562550606     
   1.1009110161300871E-002   1.4917540794297862E-003  -110750.88125723905        3279277.7895143251        270.86814382868340     
   1.1312877668563988E-002   1.4927833657582097E-003  -110473.66692151515        3204008.1865534671        270.00761134813905     
   1.1647362066018210E-002   1.4938134795792245E-003  -110196.45258579124        3124721.3123260476        269.08473483890526     
   1.2019378092858000E-002   1.4948444199915168E-003  -109919.23825006733        3040793.8563827774        268.08913591533576     
   1.2438420048015915E-002   1.4958761860905101E-003  -109642.02391434343        2951112.3552834224        267.00247964205471     
   1.2918358843867715E-002   1.4969087769683856E-003  -109364.80957861952        2854352.3695651088        265.80270185260883     
   1.3480808718702369E-002   1.4979421917140901E-003  -109087.59524289561        2748286.3611349105        264.45275557164996     
   1.4162732499971766E-002   1.4989764294133536E-003  -108810.38090717171        2629226.2850586604        262.89107446315768     
   1.5037407924496806E-002   1.5000114891487080E-003  -108533.16657144780        2490260.1533097015        261.00191261241025     
   1.6297467311584025E-002   1.5010473699994923E-003  -108255.95223572390        2312823.4539826415        258.47374771984528     
   2.0030455970000000E-002   1.5020840710418756E-003  -107978.73789999999        1905180.5136017813        252.07573495828660     
