   517950.00000314706        216.59200000000089     
   527406.29147762212        217.00320532624409     
   536862.58294956654        217.41441065248657     
   546318.87439651473        217.82561597872171     
   556141.93138575100        218.23625123765586     
   565964.98837457900        218.64688649658990     
   575788.04536354344        219.05752175552399     
   585993.15929807129        219.46767787488008     
   596198.27323300729        219.87783399423637     
   606403.38716794248        220.28799011359263     
   616998.15843039739        220.69763562690238     
   627592.92969285231        221.10728114021211     
   638187.70095530711        221.51692665352186     
   649179.59584136528        221.92602973359638     
   660171.49072742439        222.33513281367095     
   671163.38561348256        222.74423589374544     
   682559.72523644578        223.15276434603160     
   693956.06486013171        223.56129279831788     
   705352.40448110353        223.96982125060333     
   717160.35363723151        224.37774250560375     
   728968.30279287300        224.78566376060400     
   740776.25194815767        225.19358501560416     
   753002.80795310438        225.60086612017602     
   765229.36395840812        226.00814722474797     
   777455.91996371292        226.41542832931998     
   790107.90144071879        226.82203593658713     
   802759.88291772502        227.22864354385433     
   815411.86439473112        227.63525115112157     
   828495.89999228308        228.04115150866696     
   841579.93558983633        228.44705186621246     
   854663.97118738887        228.85295222375791     
   868186.48821804603        229.25811115968773     
   881709.00524913252        229.66327009561772     
   895231.52227936045        230.06842903154737     
   909198.73522864457        230.47281193795894     
   923165.94817792985        230.87719484437054     
   937133.16112721420        231.28157775078213     
   951551.06000159099        231.68514956416496     
   965968.95887596800        232.08872137754781     
   980386.85775034491        232.49229319093064     
   995261.19621384901        232.89501836910176     
   1010135.5346753476        233.29774354727212     
   1025009.8731377402        233.70046872544282     
   1040346.1563790506        234.10231122079557     
   1055682.4396208539        234.50415371614849     
   1071018.7228629380        234.90599621150150     
   1086822.1951814150        235.30691944067661     
   1102625.6675006568        235.70784266985194     
   1118429.1398200858        236.10876589902736     
   1134704.7718701649        236.50873270953434     
   1150980.4039205050        236.90869952004135     
   1167256.0359706515        237.30866633054845     
   1184008.5116957382        237.70763896543190     
   1200760.9874215322        238.10661160031557     
   1217513.4631474244        238.50558423519934     
   1234747.1664534882        238.90352429740761     
   1251980.8697598060        239.30146435961609     
   1269214.5730661214        239.69940442182457     
   1286933.5743034598        240.09627284042961     
   1304652.5755409626        240.49314125903464     
   1322371.5767784535        240.89000967763974     
   1340579.6191889625        241.28576667837004     
   1358787.6615988233        241.68152367910000     
   1376995.7040093380        242.07728067983032     
   1395696.1902934031        242.47188576234743     
   1414396.6765779434        242.86649084486476     
   1433097.1628626245        243.26109592738220     
   1452293.1420562307        243.65450785130156     
   1471489.1212482329        244.04791977522032     
   1490685.1004406235        244.44133169913917     
   1510379.2552528859        244.83350847989317     
   1530073.4100661082        245.22568526064762     
   1549767.5648793217        245.61786204140205     
   1569962.1996354035        246.00876095575836     
   1590156.8343920587        246.39965987011485     
   1610351.4691487146        246.79055878447139     
   1631048.4983345112        247.18013638390204     
   1651745.5275205798        247.56971398333295     
   1672442.5567061065        247.95929158276351     
   1693643.4940600698        248.34750371120884     
   1714844.4314120286        248.73571583965315     
   1736045.3687656245        249.12392796809834     
   1757751.3166883169        249.51072977913148     
   1779457.2646126999        249.89753159016544     
   1801163.2125372018        250.28433340119952     
   1823374.8515012600        250.66967936852132     
   1845586.4904661367        251.05502533584348     
   1867798.1294310149        251.44037130316573     
   1890515.7068962986        251.82421521784013     
   1913233.2843616987        252.20805913251451     
   1935950.8618269807        252.59190304718888     
   1959174.1801634606        252.97419799534447     
   1982397.4985000612        253.35649294350011     
   2005620.8168366598        253.73878789165579     
   2029349.2196817442        254.11948620739724     
   2053077.6225268282        254.50018452313867     
   2076806.0253719122        254.88088283888007     
   2101038.3818920851        255.25993602889133     
   2125270.7384122577        255.63898921890262     
   2149503.0949324318        256.01804240891391     
   2174237.7815462528        256.39540104745686     
   2198972.4681600733        256.77275968599974     
   2223707.1547738947        257.15011832454269     
   2248942.0340345372        257.52573192001717     
   2274176.9132951787        257.90134551549158     
   2299411.7925558197        258.27695911096606     
   2325144.1890547606        258.65077594761738     
   2350876.5855537010        259.02459278426863     
   2376608.9820526419        259.39840962091989     
   2402835.6554042525        259.77037658138750     
   2429062.3287558611        260.14234354185504     
   2455289.0021074698        260.51431050232264     
   2482006.1172617190        260.88437287831266     
   2508723.2324164147        261.25443525430296     
   2535440.3475699620        261.62449763029264     
   2562643.4428609456        261.99259892954461     
   2589846.5381519292        262.36070022879665     
   2617049.6334429127        262.72880152804862     
   2644733.5869272253        263.09488328590334     
   2672417.5404115357        263.46096504375805     
   2700101.4938956806        263.82704680161260     
   2728260.4885808704        264.19104840480151     
   2756419.4832665338        264.55505000799076     
   2784578.4779525776        264.91905161118035     
   2813205.9665549053        265.28091014002524     
   2841833.4551579226        265.64276866887059     
   2870460.9437609413        266.00462719771599     
   2899549.6135326582        266.36427729073711     
   2928638.2833042284        266.72392738375800     
   2957726.9530761554        267.08357747677917     
   2987268.6910942798        267.44095121888677     
   3016810.4291126849        267.79832496099471     
   3046352.1671310919        268.15569870310253     
   3076338.0261989553        268.51072553516775     
   3106323.8852668186        268.86575236723286     
   3136309.7443346810        269.22077919929797     
   3166729.9092724770        269.57338584305239     
   3197150.0742102712        269.92599248680688     
   3227570.2391483122        270.27859913056153     
   3258413.9928416302        270.62870951875169     
   3289257.7465347596        270.97881990694174     
   3320101.5002272427        271.32893029513116     
   3351357.1882724613        271.67646549282648     
   3382612.8763175663        272.02400069052180     
   3413868.5643634042        272.37153588821758     
   3445523.5566334696        272.71641398768929     
   3477178.5489039766        273.06129208716135     
   3508833.5411744840        273.40617018663340     
   3540874.1880944786        273.74830615573387     
   3572914.8350144741        274.09044212483445     
   3604955.4819344715        274.43257809393492     
   3637367.0628834609        274.77188355723234     
   3669778.6438318980        275.11118902052937     
   3702190.2247801889        275.45049448382616     
   3734956.8858485268        275.78687741756119     
   3767723.5469173919        276.12326035129661     
   3800490.2079862608        276.45964328503214     
   3833594.8865259192        276.79300761209765     
   3866699.5650658049        277.12637193916345     
   3899804.2436052477        277.45973626622890     
   3933228.5776257915        277.78998134626192     
   3966652.9116463331        278.12022642629489     
   4000077.2456669607        278.45047150632791     
   4033801.4674093514        278.77749152892517     
   4067525.6891504191        279.10451155152111     
   4101249.9108928218        279.43153157411842     
   4135252.7257113038        279.75521487949419     
   4169255.5405302872        280.07889818487047     
   4203258.3553492706        280.40258149024686     
   4237516.8094470268        280.72280986011947     
   4271775.2635453632        281.04303822999270     
   4306033.7176431324        281.36326659986531     
   4340523.0608908273        281.67991457953394     
   4375012.4041375006        281.99656255920144     
   4409501.7473842725        282.31321053886910     
   4444195.3001721501        282.62614486606464     
   4478888.8529599737        282.93907919326023     
   4513582.4057481745        283.25201352045616     
   4548451.4409290906        283.56109274336455     
   4583320.4761101594        283.87017196627306     
   4618189.5112912264        284.17925118918157     
   4653203.1630999893        284.48432555048646     
   4688216.8149087401        284.78939991179135     
   4723230.4667174919        285.09447427309618     
   4758355.6774323508        285.39538591497330     
   4793480.8881473336        285.69629755685060     
   4828606.0988616627        285.99720919872709     
   4863807.6100953585        286.29379270261796     
   4899009.1213290580        286.59037620650889     
   4934210.6325627537        286.88695971039976     
   4969451.0211531213        287.17904292534058     
   5004691.4097434869        287.47112614028129     
   5039931.7983338498        287.76320935522199     
   5075171.5468223225        288.05061439345286     
   5110411.2953100568        288.33801943168282     
   5145651.0437976215        288.62542446991250     
   5180848.6232898301        288.90796866746962     
   5216046.2027821057        289.19051286502679     
   5251243.7822744222        289.47305706258408     
   5286355.7127547422        289.75055362983602     
   5321467.6432350622        290.02805019708796     
   5356579.5737153860        290.30554676433991     
   5391560.4161782637        290.57780480569289     
   5426541.2586411433        290.85006284704571     
   5461522.1011040071        291.12232088839863     
   5496324.3307323111        291.38914447332155     
   5531126.5603607167        291.65596805824453     
   5565928.7899888400        291.92279164316710     
   5600502.5037744008        292.18397768285735     
   5635076.2175599700        292.44516372254759     
   5669649.9313455261        292.70634976223783     
   5703942.3605904961        292.96168460264175     
   5738234.7898355201        293.21701944304584     
   5772527.2190804398        293.47235428344965     
   5806482.0493439697        293.72160916856654     
   5840436.8796075024        293.97086405368350     
   5874391.7098711608        294.22011893880068     
   5907948.2574762544        294.46304481061190     
   5941504.8050812213        294.70597068242296     
   5975061.3526860811        294.94889655423378     
   6008153.7028865544        295.18521899149658     
   6041246.0530870920        295.42154142875950     
   6074338.4032881288        295.65786386602349     
   6106894.6694999998        295.88727924329521     
   6139450.9357123654        296.11669462056784     
   6172007.2019247366        296.34610999784070     
   6203949.0999980196        296.56828405348000     
   6235890.9980712971        296.79045810911941     
   6267832.8961445764        297.01263216475883     
   6299075.8184809629        297.22720196600977     
   6330318.7408173569        297.44177176726089     
   6361561.6631537760        297.65634156851212     
   6392015.3605282288        297.86292123602362     
   6422469.0579027785        298.06950090353536     
   6452922.7552773664        298.27608057104720     
   6482492.5769046592        298.47427005172273     
   6512062.3985322062        298.67245953239899     
   6541632.2201597570        298.87064901307525     
   6570220.6447318336        299.06004385533879     
   6598809.0693037156        299.24943869760170     
   6627397.4938754542        299.43883353986433     
   6654905.4782117624        299.61903252352221     
   6682413.4625482131        299.79923150718054     
   6709921.4468846451        299.97943049083881     
   6736249.0532965306        300.15003787622487     
   6762576.6597079355        300.32064526160957     
   6788904.2661195667        300.49125264699484     
   6813950.2469638139        300.65187350129929     
   6838996.2278080499        300.81249435560358     
   6864042.2086524069        300.97311520990843     
   6887702.7822153941        301.12334587892019     
   6911363.3557785321        301.27357654793269     
   6935023.9293416562        301.42380721694508     
   6957191.7233211631        301.56322740528947     
   6979359.5173007958        301.70264759363425     
   7001527.3112801332        301.84206778197796     
   7022091.9983190540        301.97024350129760     
   7042656.6853580074        302.09841922061730     
   7063221.3723969907        302.22659493993723     
   7082073.4157969113        302.34310022129574     
   7100925.4591961643        302.45960550265158     
   7119777.5025957180        302.57611078400862     
   7136815.4605035074        302.68056967709754     
   7153853.4184111748        302.78502857018600     
   7170891.3763186857        302.88948746327384     
   7186031.6082712105        302.98162834838962     
   7201171.8402235601        303.07376923350466     
   7216312.0721758846        303.16591011861959     
   7229498.1988127884        303.24561628289587     
   7242684.3254496865        303.32532244717203     
   7255870.4520865688        303.40502861144807     
   7267079.4603687758        303.47236755578638     
   7278288.4686507890        303.53970650012377     
   7289497.4769327557        303.60704544446094     
   7298740.6491579358        303.66226792890376     
   7307983.8213831969        303.71749041334698     
   7317226.9936084878        303.77271289779031     
   7324546.9386554612        303.81623097909409     
   7331866.8837024365        303.85974906039780     
   7339186.8287494192        303.90326714170152     
   7344656.3135736864        303.93564527352800     
   7350125.7983979303        303.96802340535442     
   7355595.2832221733        304.00040153718072     
   7359328.8800491448        304.02242426770948     
   7363062.4768761555        304.04444699823853     
   7366796.0737031717        304.06646972876763     
   7368989.4904566333        304.07937099270669     
   7371182.9072100595        304.09227225664563     
   7373376.3239635266        304.10517352058474     
   7374370.3298098622        304.11100845244749     
   7375364.3356563393        304.11684338431104     
   7376358.3415028211        304.12267831617464     
   7376641.5535561908        304.12433902780930     
   7376924.7656096350        304.12599973944430     
   7377207.9776629470        304.12766045107867     
   7377238.6517788917        304.12784030073993     
   7377269.3259046627        304.12802015045861     
   7377297.5351598933        304.12818554333847     
   7377295.0703195939        304.12817108667582     
   7377292.6054790812        304.12815663001197     
   7377278.5755855981        304.12807436699478     
   7377264.5456921589        304.12799210397787     
   7377246.2769348770        304.12788499199911     
   7377214.9683030229        304.12770143884205     
   7377183.6537484992        304.12751785047703     
   7377133.1148432428        304.12722155389503     
   7377072.6065758634        304.12686680874998     
   7377012.0989681138        304.12651206752645     
   7376917.0528771775        304.12595477024269     
   7376817.2141566761        304.12536936589470     
   7376712.5793382339        304.12475582065900     
   7376581.4069675002        304.12398659362151     
   7376408.1847024811        304.12297055313303     
   7376234.9624375198        304.12195451264489     
   7376061.7401725966        304.12093847215698     
   7375832.8372238167        304.11959545507574     
   7375580.7192206401        304.11811600577585     
   7375340.2087448109        304.11670477258627     
   7375023.0044391192        304.11484270730864     
   7374705.8001335002        304.11298064203146     
   7374388.5958279194        304.11111857675451     
   7373986.1840203069        304.10875511589336     
   7373586.8897363609        304.10640997302465     
   7373156.9824885931        304.10388460242615     
   7372709.8957858589        304.10125798812743     
   7372190.6862324048        304.09820636660811     
   7371674.1979172025        304.09517071326115     
   7371117.3973181229        304.09189723511878     
   7370505.6629908988        304.08829961146728     
   7369893.9287521290        304.08470198834260     
   7369219.1131609008        304.08073163493748     
   7368507.9474531366        304.07654649873638     
   7367796.7818530332        304.07236136317704     
   7366989.4241197575        304.06760699075130     
   7366174.9487284478        304.06281052287721     
   7365360.4733372265        304.05801405500364     
   7364430.9529920705        304.05253573287104     
   7363494.5306470636        304.04701643673189     
   7362546.3098781900        304.04142703596824     
   7361506.2042437429        304.03529215418189     
   7360466.0989190852        304.02915727424477     
   7359364.8168895915        304.02265854285315     
   7358203.3013985772        304.01580148369408     
   7357016.4441103684        304.00879359428728     
   7355829.5868221913        304.00178570488083     
   7354507.4839547183        303.99397149400511     
   7353185.3810871877        303.98615728312910     
   7351863.2782196095        303.97834307225276     
   7350409.8806629870        303.96974456602317     
   7348937.5138575835        303.96103236297211     
   7347474.6316766143        303.95237700833206     
   7345882.5387889361        303.94294809940220     
   7344256.1367794294        303.93331324993216     
   7342646.8893308146        303.92378137073206     
   7340913.4255679641        303.91350411901090     
   7339141.4413392581        303.90299501971236     
   7337363.0439617112        303.89244774125785     
   7335443.9532304816        303.88105348402280     
   7333534.7239293726        303.86971849424327     
   7331605.7717678938        303.85826496955190     
   7329574.6696431469        303.84619519708889     
   7327444.9440782443        303.83352949999858     
   7325315.2187860804        303.82086380454746     
   7323104.8489963375        303.80770974759594     
   7320852.3165355902        303.79430069191085     
   7318599.7840749305        303.78089163622650     
   7316171.3475129679        303.76641519620642     
   7313742.9109510221        303.75193875618646     
   7311314.4743890995        303.73746231616673     
   7308720.1941226795        303.72197661365556     
   7306093.1745172348        303.70629145158205     
   7303482.5245812889        303.69070601928956     
   7300683.2122655110        303.67396873808934     
   7297883.8999496568        303.65723145688850     
   7295084.5876338612        303.64049417568810     
   7292090.0280170571        303.62256092940515     
   7289095.4684002614        303.60462768312226     
   7286070.9013420232        303.58650985595466     
   7282904.3870228287        303.56751985003712     
   7279707.8652621470        303.54834526323464     
   7276511.3435014999        303.52917067643239     
   7273106.0225328691        303.50870812318891     
   7269700.7015642542        303.48824556994549     
   7266237.9336749949        303.46742716275293     
   7262683.4765807809        303.44604179915365     
   7259123.8885313245        303.42462458576000     
   7255432.1691024313        303.40238787281623     
   7251606.4672561251        303.37931810185904     
   7247796.2898626067        303.35634419436576     
   7243827.2146770963        303.33238026844367     
   7239858.1406603772        303.30841634964600     
   7235752.8994624773        303.28360106473338     
   7231679.0753458310        303.25898259303403     
   7227417.3122647172        303.23318702000222     
   7223079.3698208900        303.20691206743658     
   7218670.9661843721        303.18019461481373     
   7214262.5633649454        303.15347716719123     
   7209647.2391305976        303.12545477041220     
   7205009.7542086625        303.09729261727938     
   7200272.2592276260        303.06849674261753     
   7195470.4473789604        303.03929396856427     
   7190657.5815436877        303.01002193044764     
   7185590.9682142008        302.97913655698125     
   7180524.3548846198        302.94825118351412     
   7175457.7415550640        302.91736581004722     
   7170124.3801434189        302.88477637078688     
   7164791.0187317934        302.85218693152660     
   7159457.6573201735        302.81959749226638     
   7153870.2442779262        302.78537677108204     
   7148252.5683360798        302.75096132998817     
   7142634.6480257986        302.71654431081873     
   7136745.3130102642        302.68037443833526     
   7130855.8546303958        302.64420376788240     
   7124966.3962505534        302.60803309742982     
   7118792.3685419904        302.57001469024232     
   7112645.7551818369        302.53217458455748     
   7106378.4450450838        302.49354667584493     
   7099957.5249791574        302.45391613591289     
   7093536.6073563155        302.41428561119915     
   7086930.4130785819        302.37343888439972     
   7080220.9868811090        302.33191362655168     
   7073440.2094694860        302.28991889160318     
   7066572.1136969766        302.24734609539121     
   7059582.7078315290        302.20397275363848     
   7052564.2822514726        302.16040662926179     
   7045280.5899342271        302.11507829753674     
   7037996.8993019015        302.06974997638957     
   7030551.9287344916        302.02334421758815     
   7023138.1859450378        301.97714798381298     
   7015396.1080218107        301.92875009589636     
   7007654.0300984029        301.88035220797826     
   6999911.9521751106        301.83195432006107     
   6991833.4986977894        301.78128473783283     
   6983781.1060318835        301.73079075639993     
   6975573.5426913789        301.67924494552420     
   6967253.5912905391        301.62693189216077     
   6958830.5908379983        301.57391821094569     
   6950407.5903853867        301.52090452972999     
   6941631.7152237454        301.46547171538248     
   6932855.8400620855        301.41003890103480     
   6924079.9649004778        301.35460608668751     
   6915004.4422633676        301.29710394095997     
   6905809.2874478176        301.23877227033898     
   6896614.1372710690        301.18044062940743     
   6887160.8008314129        301.12030816063896     
   6877661.2239451827        301.05985415445554     
   6868146.0460415902        300.99929174607394     
   6858259.5758510120        300.93612042174323     
   6848373.1056603538        300.87294909741178     
   6838486.6354697291        300.80977777308061     
   6828211.8091405760        300.74385452101114     
   6817936.9828114631        300.67793126894202     
   6807613.3913976196        300.61165860691511     
   6796994.8016073294        300.54327924622697     
   6786316.6165359486        300.47447120744300     
   6775643.8465628373        300.40570280272891     
   6764563.1807463653        300.33399115399715     
   6753482.5149297547        300.26227950526413     
   6742401.8491133051        300.19056785653260     
   6730902.9280554382        300.11580951953385     
   6719404.0069975723        300.04105118253500     
   6707905.0859396290        299.96629284553558     
   6695977.0986152906        299.88837850041705     
   6684049.1112910481        299.81046415529931     
   6672121.1239669202        299.73254981018260     
   6659752.7613364933        299.65136369935715     
   6647384.3987061772        299.57017758853272     
   6634870.3737967024        299.48789816998385     
   6622277.7015946563        299.40503295503538     
   6609425.6410641829        299.32021125546595     
   6596408.5588318296        299.23414484855658     
   6583268.9785051104        299.14714370133925     
   6569983.7013458125        299.05903795769518     
   6556698.4241865240        298.97093221405129     
   6542935.3596367016        298.87916249577904     
   6529172.2950870488        298.78739277750844     
   6515409.2305373298        298.69562305923716     
   6501264.1105524115        298.60089425457755     
   6486906.0634706505        298.50450557815310     
   6472645.2407169947        298.40887769931345     
   6457959.2743554730        298.30991520501510     
   6443129.7235345440        298.20982104409705     
   6428300.1856717048        298.10972697140153     
   6413126.9592588348        298.00690231644450     
   6397812.5683803037        297.90295611730005     
   6382515.4151798496        297.79914786216358     
   6366695.0712192608        297.69113612898923     
   6350907.3227206636        297.58338809889443     
   6335018.0360707967        297.47481609470503     
   6318690.9762710193        297.36268655133392     
   6302363.9287371077        297.25055709285687     
   6285927.7137467042        297.13753316563225     
   6268978.5719696134        297.02028306389769     
   6252029.4301924100        296.90303296216211     
   6235080.2884153258        296.78578286042762     
   6217549.6616096506        296.66368527875767     
   6200147.0851116478        296.54265842699272     
   6182289.8647334808        296.41780149682177     
   6164323.5840476993        296.29202579922713     
   6146141.0585340494        296.16440817254380     
   6127984.8453965681        296.03701864465694     
   6109192.4639367014        295.90417594277500     
   6090400.0824769279        295.77133324089402     
   6071607.7010170370        295.63849053901185     
   6052246.2361981990        295.50071045091948     
   6032805.2546469998        295.36222113792911     
   6013030.7631541938        295.22081106912663     
   5993112.9936485020        295.07812489021694     
   5972975.2484660875        294.93349911135010     
   5952837.5032833144        294.78887333247945     
   5932198.1823331369        294.63977118581920     
   5911171.3929955736        294.48716775467409     
   5890080.3860756522        294.33398618029781     
   5868903.2179979840        294.18001769345165     
   5847115.8022618415        294.02047591569828     
   5825328.4141326956        293.86093434156163     
   5803139.9209935535        293.69767215550308     
   5780772.7446099343        293.53276410503548     
   5758405.5682262732        293.36785605456754     
   5735332.3204821870        293.19632462565335     
   5712065.9223332284        293.02296799071985     
   5688877.3048210535        292.85035043480815     
   5664854.5742268581        292.66976625572511     
   5640831.8436327903        292.48918207664349     
   5616809.1130387485        292.30859789756215     
   5591931.7755939299        292.11971704998325     
   5567055.2352857618        291.93084395404293     
   5542077.1781685818        291.74097381557419     
   5516249.6484112395        291.54270619686753     
   5490511.4515188094        291.34532570055433     
   5464374.5168476338        291.14394124807370     
   5437732.0175340567        290.93748017323588     
   5411089.6117719859        290.73101982918649     
   5383818.9784191605        290.51814044129839     
   5356197.2616396118        290.30165886363909     
   5328330.9459791277        290.08266000054527     
   5300464.6303187693        289.86366113745282     
   5271559.2070628172        289.63381050497190     
   5242857.1195818568        289.40607984526781     
   5213561.9193843519        289.17209803831810     
   5183423.0433591157        288.92907405693916     
   5153284.1673328886        288.68605007554868     
   5123145.2913072482        288.44302609416508     
   5091755.6340093054        288.18637269490205     
   5060365.9767105356        287.92971929562941     
   5028976.3194119269        287.67306589635865     
   4996568.8569941120        287.40512984753332     
   4963513.5398254227        287.12989091601378     
   4930782.1500319829        286.85830342583910     
   4897088.3354385821        286.57582195853820     
   4862478.0531844217        286.28278857246380     
   4827837.0998899462        285.98940344951910     
   4792902.6611314360        285.69258285579178     
   4756773.2486525672        285.38177535355152     
   4720644.1479433868        285.07097054965135     
   4683541.2777003050        284.74850869471197     
   4646078.5782955680        284.42178158229211     
   4608615.8788912287        284.09505446987725     
   4569470.7776765488        283.74783253639964     
   4529912.1556916889        283.39553215092769     
   4490560.2940918161        283.04577099145166     
   4449106.5904435068        282.66974965166617     
   4407652.8867938668        282.29372831186402     
   4366199.1831433810        281.91770697205123     
   4322452.4293909790        281.51233080769174     
   4278789.3546438469        281.10803281237395     
   4234397.7823637938        280.69418432877308     
   4188263.3478039587        280.25749087428181     
   4142130.3283475325        279.82081089525053     
   4094538.2474269718        279.36453329047083     
   4045496.7756065810        278.88871888901531     
   3995826.8306962559        278.40438132205855     
   3946156.8857853455        277.92004375509407     
   3894093.1336325319        277.40272934487962     
   3840701.1700518271        276.86684362357664     
   3785904.2384812157        276.31113366143211     
   3729565.0848153424        275.73346000452545     
   3671594.5523103131        275.13233493478805     
   3611826.7613410857        274.50513117902153     
   3547906.1196648944        273.81667460125436     
   3486270.9197131493        273.16224069257083     
   3420044.2538393699        272.43946007438456     
   3351160.4866414340        271.67662562550606     
   3279277.7895143251        270.86814382868340     
   3204008.1865534671        270.00761134813905     
   3124721.3123260476        269.08473483890526     
   3040793.8563827774        268.08913591533576     
   2951112.3552834224        267.00247964205471     
   2854352.3695651088        265.80270185260883     
   2748286.3611349105        264.45275557164996     
   2629226.2850586604        262.89107446315768     
   2490260.1533097015        261.00191261241025     
   2312823.4539826415        258.47374771984528     
   1905180.5136017813        252.07573495828660     
   525588.21501694177        202.16606680672285     
   519504.73295494687        216.66057937427848     
   521059.46561804065        216.72915873571327     
   522614.19780316280        216.79773807623420     
   524169.97537428280        216.86611455359858     
   525725.75294513174        216.93449103095193     
   527281.53051635541        217.00286750831998     
   528853.85465796955        217.07150799742121     
   530426.17879988509        217.14014848653221     
   531998.50294248690        217.20878897567337     
   533587.63915877824        217.27769771431358     
   535176.77537589008        217.34660645298808     
   536765.91159239807        217.41551519164602     
   538372.13221877429        217.48469652897748     
   539978.35284515691        217.55387786630899     
   541584.57347122882        217.62305920363298     
   543208.15792265953        217.69251760414673     
   544831.74237416196        217.76197600466227     
   546455.32682618801        217.83143440520266     
   548096.56186337431        217.90117445316494     
   549737.79690136272        217.97091450115903     
   551379.03193993797        218.04065454917884     
   553038.21194894041        218.11068095328841     
   554697.39195823937        218.18070735741043     
   556356.57196623564        218.25073376148890     
   558033.99924542801        218.32105135951363     
   559711.42652423866        218.39136895752907     
   561388.85380303685        218.46168655554416     
   563084.83886843710        218.53230031938057     
   564780.82393375889        218.60291408321504     
   566476.80899943260        218.67352784705960     
   568191.67090784514        218.74444288807791     
   569906.53281654092        218.81535792910495     
   571621.39472516743        218.88627297013065     
   573355.46140960325        218.95749454469296     
   575089.52809386980        219.02871611925224     
   576823.59477867524        219.09993769382442     
   578577.20340252097        219.17147120911773     
   580330.81202632270        219.24300472441024     
   582084.42065005528        219.31453823970037     
   583857.91797958070        219.38638925987689     
   585631.41530917934        219.45824028005620     
   587404.91263918439        219.53009130025208     
   589198.65543617285        219.60226555290433     
   590992.39823350147        219.67443980557027     
   592786.14103003882        219.74661405821348     
   594600.49646635982        219.81911744124261     
   596414.85190246522        219.89162082426662     
   598229.20733795874        219.96412420727600     
   600064.55342875782        220.03696279598890     
   601899.89951903827        220.10980138468946     
   603735.24560931593        220.18263997339000     
   605591.97167343844        220.25582002812791     
   607448.69773734058        220.32900008286020     
   609305.42380124249        220.40218013759255     
   611183.93094692170        220.47570811174359     
   613062.43809255445        220.54923608589451     
   614940.94523886335        220.62276406006825     
   616841.64687553514        220.69664660852328     
   618742.34851273801        220.77052915699880     
   620643.05014915369        220.84441170544625     
   622566.37252886780        220.91865569354701     
   624489.69490843872        220.99289968164450     
   626413.01728815318        221.06714366974748     
   628359.40007577860        221.14175618266628     
   630305.78286372428        221.21636869559734     
   632252.16565077344        221.29098120850514     
   634222.06253354310        221.36596956137890     
   636191.95941558329        221.44095791423564     
   638161.85629796097        221.51594626710019     
   640155.73562180228        221.59131801548261     
   642149.61494533985        221.66668976385557     
   644143.49426923343        221.74206151223839     
   646161.83972306643        221.81782446345551     
   648180.18517696112        221.89358741467441     
   650198.53063198028        221.96935036593064     
   652241.84196672542        222.04551259095456     
   654285.15330156055        222.12167481598181     
   656328.46463647392        222.19783704101266     
   658397.25843128888        222.27440688715535     
   660466.05222604529        222.35097673329665     
   662534.84602122440        222.42754657945224     
   664629.65649462724        222.50453268373900     
   666724.46696884243        222.58151878805432     
   668819.27744228649        222.65850489234211     
   670940.65731955937        222.73591619592185     
   673062.03719680710        222.81332749950195     
   675183.41707419138        222.89073880308524     
   677331.93850532710        222.96858456638779     
   679480.45993563696        223.04643032966302     
   681628.98136633914        223.12427609295148     
   683805.23690595652        223.20256591191162     
   685981.49244490452        223.28085573085107     
   688157.74798550294        223.35914554984745     
   690362.35163723165        223.43788937320301     
   692566.95528951194        223.51663319657823     
   694771.55894149642        223.59537701994753     
   697005.14727704483        223.67458516784734     
   699238.73561249452        223.75379331574547     
   701472.32394751022        223.83300146363268     
   703735.55728997232        223.91268464713045     
   705998.79063294921        223.99236783063998     
   708262.02397713391        224.07205101419282     
   710555.58767878090        224.15222035648779     
   712849.15138217004        224.23238969884341     
   715142.71508385066        224.31255904114801     
   717467.32089087216        224.39322610027949     
   719791.92669698119        224.47389315939034     
   722116.53250342887        224.55456021850878     
   724472.92000784236        224.63573701129869     
   726829.30751241581        224.71691380409214     
   729185.69501671847        224.79809059687952     
   731574.63322913402        224.87978962513290     
   733963.57144085062        224.96148865336838     
   736352.50965315301        225.04318768162301     
   738774.79867926205        225.12542195990105     
   741197.08770620043        225.20765623820438     
   743619.37673364172        225.28989051652596     
   746075.84958575910        225.37267360226113     
   748532.32243938162        225.45545668804442     
   750988.79529238946        225.53823977380833     
   753480.31983323384        225.62158579958609     
   755971.84437462536        225.70493182537777     
   758463.36891560582        225.78827785116033     
   760990.84995228390        225.87220155945619     
   763518.33098961366        225.95612526776856     
   766045.81202571327        226.04004897604977     
   768610.19357396313        226.12456575689953     
   771174.57512159937        226.20908253773572     
   773738.95666955132        226.29359931857886     
   776341.22439605650        226.37872525016712     
   778943.49212268787        226.46385118176033     
   781545.75985095650        226.54897711340715     
   784186.94371732173        226.63472900601164     
   786828.12758593401        226.72048089868744     
   789469.31145543547        226.80623279139249     
   792150.48859052360        226.89262823528867     
   794831.66572560091        226.97902367918499     
   797512.84286111116        227.06541912309552     
   800235.14065896173        227.15247653994237     
   802957.43845684850        227.23953395679143     
   805679.73625439918        227.32659137362984     
   808444.33575758222        227.41433007287026     
   811208.93526077969        227.50206877211107     
   813973.53476527694        227.58980747139279     
   816781.67434178048        227.67824771146979     
   819589.81392042106        227.76668795161396     
   822397.95349828806        227.85512819173388     
   825250.93285559979        227.94429124703265     
   828103.91221395566        228.03345430236396     
   830956.89157353435        228.12261735773316     
   833856.07613020064        228.21252559132077     
   836755.26068753772        228.30243382492924     
   839654.44524482917        228.39234205853947     
   842601.27092722990        228.48301900221128     
   845548.09660948045        228.57369594588167     
   848494.92229147418        228.66437288954415     
   851490.90077846067        228.75584333120216     
   854486.87926703785        228.84731377290524     
   857482.85775127925        228.93878421450120     
   860529.58225167263        229.03107429463412     
   863576.30675049603        229.12336437473343     
   866623.03124752780        229.21565445479450     
   869722.18283407774        229.30879177208004     
   872821.33441949612        229.40192908934151     
   875920.48600641359        229.49506640664202     
   879073.84062301833        229.58908013496955     
   882227.19524052064        229.68309386332376     
   885380.54985787882        229.77710759167368     
   888589.98605757719        229.87202860940477     
   891799.42225597543        229.96694962709739     
   895008.85845500650        230.06187064480869     
   898276.36595490831        230.15773167753713     
   901543.87345601269        230.25359271030109     
   904811.38095972629        230.34945374314054     
   908139.07016995363        230.44628952310649     
   911466.75938042742        230.54312530307965     
   914794.44859069400        230.63996108304701     
   918184.56119424547        230.73780852585142     
   921574.67379759240        230.83565596865131     
   924964.78639997717        230.93350341143244     
   928419.70717589138        231.03240181376268     
   931874.62794967217        231.13130021604817     
   935329.54872746032        231.23019861843181     
   938851.81877501379        231.33018987923680     
   942374.08881996444        231.43018113997269     
   945896.35886790627        231.53017240078560     
   949488.69046187506        231.63130126985024     
   953081.02205441229        231.73243013887736     
   956673.35365169449        231.83355900803423     
   960338.64694808424        231.93587336547961     
   964003.94024745573        232.03818772300818     
   967669.23354559834        232.14050208050972     
   971410.59548154264        232.24405325337835     
   975151.95741641056        232.34760442622473     
   978893.31934618321        232.45115559896624     
   982714.08501617005        232.55599871893091     
   986534.85068342497        232.66084183883942     
   990355.61635700741        232.76568495889941     
   994259.37335956586        232.87187937019115     
   998163.13036180683        232.97807378147436     
   1002066.8873645448        233.08426819277105     
   1006057.5036010201        233.19187791793951     
   1010048.1198389793        233.29948764314804     
   1014038.7360689925        233.40709736819494     
   1018120.3916004379        233.51619164201622     
   1022202.0471260067        233.62528591571771     
   1026283.7026493360        233.73438018937378     
   1030460.9263515135        233.84503407315512     
   1034638.1500505810        233.95568795687333     
   1038815.3737505702        234.06634184061019     
   1043093.0857550356        234.17863693392059     
   1047370.7977567989        234.29093202717644     
   1051648.5097680690        234.40322712064147     
   1056032.0707538789        234.51725238791829     
   1060415.6317510435        234.63127765544121     
   1064799.1927520756        234.74530292307847     
   1069294.4615623658        234.86115566024392     
   1073789.7303761202        234.97700839749882     
   1078284.9991891615        235.09286113473556     
   1082898.4004687543        235.21064810393975     
   1087511.8017506558        235.32843507319825     
   1092125.2030236607        235.44622204227088     
   1096863.8072109902        235.56606081433139     
   1101602.4113900061        235.68589958622633     
   1106341.0155639520        235.80573835802076     
   1111212.6340197646        235.92775890925148     
   1116084.2524620285        236.04977946021336     
   1120955.8709163114        236.17180001141318     
   1125969.1698854209        236.29614663694505     
   1130982.4688530748        236.42049326244734     
   1135995.7678013621        236.54483988752955     
   1141160.4059955874        236.67167351169900     
   1146325.0441930301        236.79850713593152     
   1151489.6823608465        236.92534075958224     
   1156816.4783786070        237.05484174798838     
   1162143.2743793847        237.18434273606118     
   1167470.0703705216        237.31384372394544     
   1172971.2082427419        237.44621533628205     
   1178472.3460961787        237.57858694825163     
   1183973.4839558022        237.71095856034177     
   1189662.7681760429        237.84643123569154     
   1195352.0524062463        237.98190391123484     
   1201041.3366680550        238.11737658755098     
   1206934.5119168626        238.25621331752166     
   1212827.6872040920        238.39505004839805     
   1218720.8625131503        238.53388677978288     
   1224836.0194211171        238.67638992947533     
   1230951.1763494378        238.81889307964505     
   1237066.3332288607        238.96139622890061     
   1243424.4302554803        239.10791631073786     
   1249782.5272294043        239.25443639156276     
   1256140.6242641795        239.40095647367767     
   1262766.1688356828        239.55190360028254     
   1269391.7134069866        239.70285072688449     
   1276017.2580466957        239.85379785503321     
   1282939.2118298870        240.00965696612002     
   1289861.1656696396        240.16551607851488     
   1296783.1194689744        240.32137519015998     
   1304036.1237098440        240.48272666631073     
   1311289.1278854818        240.64407814122561     
   1318542.1321435757        240.80542961786063     
   1326168.2032275356        240.97297780665301     
   1333794.2744080203        241.14052599742945     
   1341420.3456203446        241.30807418886786     
   1349471.2853172701        241.48268797073683     
   1357522.2250034581        241.65730175237320     
   1365573.1647056160        241.83191553435418     
   1374114.0865992082        242.01468767839205     
   1382655.0084685399        242.19745982205825     
   1391195.9310568657        242.38023198064747     
   1400310.6142014652        242.57256927955555     
   1409425.2977428338        242.76490658687857     
   1418539.9813732288        242.95724389606360     
   1428339.3601324724        243.16101013717514     
   1438138.7391078887        243.36477638280132     
   1447938.1185289959        243.56854263760235     
   1458574.4924600851        243.78629793596897     
   1469210.8666383498        244.00405323943298     
   1479847.2419554763        244.22180856599189     
   1491539.7808973412        244.45723905279351     
   1503232.3202507342        244.69266954795413     
   1514924.8597201919        244.92810004544515     
   1528009.7972833125        245.18686366600338     
   1541094.7351350479        245.44562729284743     
   1554179.6735191566        245.70439092950133     
   1569222.7604669123        245.99601280435007     
   1584265.8486056314        246.28763470228955     
   1599308.9385687623        246.57925663474379     
   1617412.7706386317        246.92231018170637     
   1635516.6019531805        247.26536371469018     
   1653620.4298730202        247.60841718829494     
   1677630.1189319596        248.05085542344938     
   1701639.7905395466        248.49329335191419     
   1725649.6789772534        248.93573519486583     
   1905180.5100000000        252.07570000000001     
   1845336.6687114802        251.02904105365127     
   1905180.5136017813        252.07573495828660     
